  2.000000000000000E-003  2.000000000000000E-003 -0.218661808952630     
  2.000000000000000E-003  0.302332916666667      -0.214163471884562     
  2.000000000000000E-003  0.602665833333333      -0.201765050087203     
  2.000000000000000E-003  0.902998750000000      -0.190937458642246     
  2.000000000000000E-003   1.20333166666667      -0.180420968042592     
  2.000000000000000E-003   1.50366458333333      -0.170276628144295     
  2.000000000000000E-003   1.80399750000000      -0.160799262194359     
  2.000000000000000E-003   2.10433041666667      -0.152144821590455     
  2.000000000000000E-003   2.40466333333333      -0.144279489404296     
  2.000000000000000E-003   2.70499625000000      -0.137140050430127     
  2.000000000000000E-003   3.00532916666667      -0.130728991620199     
  2.000000000000000E-003   3.30566208333333      -0.124688533568845     
  2.000000000000000E-003   3.60599500000000      -0.118699571602713     
  2.000000000000000E-003   3.90632791666667      -0.111196540900081     
  2.000000000000000E-003   4.20666083333333      -0.103794156800820     
  2.000000000000000E-003   4.50699375000000      -9.598602990873506E-002
  2.000000000000000E-003   4.80732666666667      -8.879883689337691E-002
  2.000000000000000E-003   5.10765958333333      -8.262799694814391E-002
  2.000000000000000E-003   5.40799250000000      -7.753350049318079E-002
  2.000000000000000E-003   5.70832541666667      -7.332430509673640E-002
  2.000000000000000E-003   6.00865833333333      -6.986239078012570E-002
  2.000000000000000E-003   6.30899125000000      -6.704709404872657E-002
  2.000000000000000E-003   6.60932416666667      -6.465781155954607E-002
  2.000000000000000E-003   6.90965708333333      -6.185605502708034E-002
  2.000000000000000E-003   7.20999000000000      -5.836144767008927E-002
  0.302332916666667       2.000000000000000E-003 -0.255610190003912     
  0.302332916666667       0.302332916666667      -0.233486991191592     
  0.302332916666667       0.602665833333333      -0.216811335232617     
  0.302332916666667       0.902998750000000      -0.207340654190352     
  0.302332916666667        1.20333166666667      -0.197128056843381     
  0.302332916666667        1.50366458333333      -0.186349294358999     
  0.302332916666667        1.80399750000000      -0.175790562678461     
  0.302332916666667        2.10433041666667      -0.165794540848058     
  0.302332916666667        2.40466333333333      -0.156457412294752     
  0.302332916666667        2.70499625000000      -0.147840265981734     
  0.302332916666667        3.00532916666667      -0.139767427329529     
  0.302332916666667        3.30566208333333      -0.131786315358607     
  0.302332916666667        3.60599500000000      -0.123379081794190     
  0.302332916666667        3.90632791666667      -0.114942034001366     
  0.302332916666667        4.20666083333333      -0.107235552500505     
  0.302332916666667        4.50699375000000      -9.968227179661218E-002
  0.302332916666667        4.80732666666667      -9.266213899704946E-002
  0.302332916666667        5.10765958333333      -8.641256030997975E-002
  0.302332916666667        5.40799250000000      -8.099479567362361E-002
  0.302332916666667        5.70832541666667      -7.634027217705297E-002
  0.302332916666667        6.00865833333333      -7.230675904217412E-002
  0.302332916666667        6.30899125000000      -6.874631228393939E-002
  0.302332916666667        6.60932416666667      -6.545093494280231E-002
  0.302332916666667        6.90965708333333      -6.231952172102501E-002
  0.302332916666667        7.20999000000000      -5.873328258374589E-002
  0.602665833333333       2.000000000000000E-003 -0.280772543334828     
  0.602665833333333       0.302332916666667      -0.262281012204619     
  0.602665833333333       0.602665833333333      -0.239688519309708     
  0.602665833333333       0.902998750000000      -0.226141585683679     
  0.602665833333333        1.20333166666667      -0.214700099273384     
  0.602665833333333        1.50366458333333      -0.203136793104482     
  0.602665833333333        1.80399750000000      -0.191531272430979     
  0.602665833333333        2.10433041666667      -0.180181359796970     
  0.602665833333333        2.40466333333333      -0.169327144307744     
  0.602665833333333        2.70499625000000      -0.159108379177718     
  0.602665833333333        3.00532916666667      -0.149246921314113     
  0.602665833333333        3.30566208333333      -0.139248411814668     
  0.602665833333333        3.60599500000000      -0.129098256139896     
  0.602665833333333        3.90632791666667      -0.119656138114867     
  0.602665833333333        4.20666083333333      -0.111275797731549     
  0.602665833333333        4.50699375000000      -0.103603744094337     
  0.602665833333333        4.80732666666667      -9.660815867779422E-002
  0.602665833333333        5.10765958333333      -9.015970201438617E-002
  0.602665833333333        5.40799250000000      -8.439416005470010E-002
  0.602665833333333        5.70832541666667      -7.925972679364010E-002
  0.602665833333333        6.00865833333333      -7.466428512206198E-002
  0.602665833333333        6.30899125000000      -7.052768324261660E-002
  0.602665833333333        6.60932416666667      -6.677719702841522E-002
  0.602665833333333        6.90965708333333      -6.313414957441284E-002
  0.602665833333333        7.20999000000000      -5.877417173213675E-002
  0.902998750000000       2.000000000000000E-003 -0.290634804239151     
  0.902998750000000       0.302332916666667      -0.281064904227337     
  0.902998750000000       0.602665833333333      -0.263503551586121     
  0.902998750000000       0.902998750000000      -0.248092275845762     
  0.902998750000000        1.20333166666667      -0.234449180031077     
  0.902998750000000        1.50366458333333      -0.221119785016830     
  0.902998750000000        1.80399750000000      -0.207861613617039     
  0.902998750000000        2.10433041666667      -0.194894231712946     
  0.902998750000000        2.40466333333333      -0.182486034439646     
  0.902998750000000        2.70499625000000      -0.170628444569834     
  0.902998750000000        3.00532916666667      -0.159131058114342     
  0.902998750000000        3.30566208333333      -0.147658113019890     
  0.902998750000000        3.60599500000000      -0.136318118173126     
  0.902998750000000        3.90632791666667      -0.125750429560521     
  0.902998750000000        4.20666083333333      -0.116380907162592     
  0.902998750000000        4.50699375000000      -0.108152110955016     
  0.902998750000000        4.80732666666667      -0.100715552599089     
  0.902998750000000        5.10765958333333      -9.387739948589753E-002
  0.902998750000000        5.40799250000000      -8.768490666877499E-002
  0.902998750000000        5.70832541666667      -8.204991107119372E-002
  0.902998750000000        6.00865833333333      -7.692117073614869E-002
  0.902998750000000        6.30899125000000      -7.227904988971574E-002
  0.902998750000000        6.60932416666667      -6.804345621795575E-002
  0.902998750000000        6.90965708333333      -6.390147905719241E-002
  0.902998750000000        7.20999000000000      -5.954302576230248E-002
   1.20333166666667       2.000000000000000E-003 -0.311699637086221     
   1.20333166666667       0.302332916666667      -0.305815558076333     
   1.20333166666667       0.602665833333333      -0.291965745799762     
   1.20333166666667       0.902998750000000      -0.275524649449450     
   1.20333166666667        1.20333166666667      -0.258605126074061     
   1.20333166666667        1.50366458333333      -0.241737712058249     
   1.20333166666667        1.80399750000000      -0.225393011500062     
   1.20333166666667        2.10433041666667      -0.209970912807039     
   1.20333166666667        2.40466333333333      -0.195593741393433     
   1.20333166666667        2.70499625000000      -0.182043471986652     
   1.20333166666667        3.00532916666667      -0.168954672847740     
   1.20333166666667        3.30566208333333      -0.156142359231631     
   1.20333166666667        3.60599500000000      -0.143710266641243     
   1.20333166666667        3.90632791666667      -0.132128804065706     
   1.20333166666667        4.20666083333333      -0.121843734127580     
   1.20333166666667        4.50699375000000      -0.112847703033332     
   1.20333166666667        4.80732666666667      -0.104815741458713     
   1.20333166666667        5.10765958333333      -9.748811187397646E-002
   1.20333166666667        5.40799250000000      -9.078533981343138E-002
   1.20333166666667        5.70832541666667      -8.461589169572761E-002
   1.20333166666667        6.00865833333333      -7.893927813474907E-002
   1.20333166666667        6.30899125000000      -7.377313013906156E-002
   1.20333166666667        6.60932416666667      -6.904810934008500E-002
   1.20333166666667        6.90965708333333      -6.456031857334228E-002
   1.20333166666667        7.20999000000000      -6.016516842275613E-002
   1.50366458333333       2.000000000000000E-003 -0.356977926339965     
   1.50366458333333       0.302332916666667      -0.351193457940460     
   1.50366458333333       0.602665833333333      -0.335824970812155     
   1.50366458333333       0.902998750000000      -0.314693171489973     
   1.50366458333333        1.20333166666667      -0.291170659048354     
   1.50366458333333        1.50366458333333      -0.267643621693050     
   1.50366458333333        1.80399750000000      -0.245628029836732     
   1.50366458333333        2.10433041666667      -0.225818194648196     
   1.50366458333333        2.40466333333333      -0.208479206468928     
   1.50366458333333        2.70499625000000      -0.192950958719723     
   1.50366458333333        3.00532916666667      -0.178372838678601     
   1.50366458333333        3.30566208333333      -0.164271517489151     
   1.50366458333333        3.60599500000000      -0.150729884244187     
   1.50366458333333        3.90632791666667      -0.138190423096483     
   1.50366458333333        4.20666083333333      -0.127048875298897     
   1.50366458333333        4.50699375000000      -0.117335283772629     
   1.50366458333333        4.80732666666667      -0.108745394756832     
   1.50366458333333        5.10765958333333      -0.100910576514904     
   1.50366458333333        5.40799250000000      -9.362926087871198E-002
   1.50366458333333        5.70832541666667      -8.688416238437489E-002
   1.50366458333333        6.00865833333333      -8.064534307634384E-002
   1.50366458333333        6.30899125000000      -7.495592568373419E-002
   1.50366458333333        6.60932416666667      -6.978447310559105E-002
   1.50366458333333        6.90965708333333      -6.499519356909525E-002
   1.50366458333333        7.20999000000000      -6.047628768337120E-002
   1.80399750000000       2.000000000000000E-003 -0.436647982458246     
   1.80399750000000       0.302332916666667      -0.428123218793867     
   1.80399750000000       0.602665833333333      -0.405177563526890     
   1.80399750000000       0.902998750000000      -0.372861748753298     
   1.80399750000000        1.20333166666667      -0.336965796437601     
   1.80399750000000        1.50366458333333      -0.301750736599166     
   1.80399750000000        1.80399750000000      -0.269823797472055     
   1.80399750000000        2.10433041666667      -0.243018667537366     
   1.80399750000000        2.40466333333333      -0.221220209026507     
   1.80399750000000        2.70499625000000      -0.203054814182285     
   1.80399750000000        3.00532916666667      -0.186909538676553     
   1.80399750000000        3.30566208333333      -0.171718449005792     
   1.80399750000000        3.60599500000000      -0.157240183906499     
   1.80399750000000        3.90632791666667      -0.143817291727376     
   1.80399750000000        4.20666083333333      -0.131870359345110     
   1.80399750000000        4.50699375000000      -0.121489002897487     
   1.80399750000000        4.80732666666667      -0.112367547757524     
   1.80399750000000        5.10765958333333      -0.104048455976455     
   1.80399750000000        5.40799250000000      -9.622322532451899E-002
   1.80399750000000        5.70832541666667      -8.885126274032057E-002
   1.80399750000000        6.00865833333333      -8.203865145405863E-002
   1.80399750000000        6.30899125000000      -7.583708454985356E-002
   1.80399750000000        6.60932416666667      -7.024397645813268E-002
   1.80399750000000        6.90965708333333      -6.516038022972623E-002
   1.80399750000000        7.20999000000000      -6.048416124166194E-002
   2.10433041666667       2.000000000000000E-003 -0.563789859279064     
   2.10433041666667       0.302332916666667      -0.549014972597812     
   2.10433041666667       0.602665833333333      -0.509451642503110     
   2.10433041666667       0.902998750000000      -0.456012464064407     
   2.10433041666667        1.20333166666667      -0.398504418149006     
   2.10433041666667        1.50366458333333      -0.344552324661501     
   2.10433041666667        1.80399750000000      -0.298579474957768     
   2.10433041666667        2.10433041666667      -0.262034726894085     
   2.10433041666667        2.40466333333333      -0.234038307591209     
   2.10433041666667        2.70499625000000      -0.212309941638363     
   2.10433041666667        3.00532916666667      -0.194284674947140     
   2.10433041666667        3.30566208333333      -0.178070391589527     
   2.10433041666667        3.60599500000000      -0.162867447888135     
   2.10433041666667        3.90632791666667      -0.148762182741961     
   2.10433041666667        4.20666083333333      -0.136147288930606     
   2.10433041666667        4.50699375000000      -0.125175304152080     
   2.10433041666667        4.80732666666667      -0.115567140454841     
   2.10433041666667        5.10765958333333      -0.106811608286868     
   2.10433041666667        5.40799250000000      -9.851406122310452E-002
   2.10433041666667        5.70832541666667      -9.059036168095545E-002
   2.10433041666667        6.00865833333333      -8.318779113550147E-002
   2.10433041666667        6.30899125000000      -7.645995397440747E-002
   2.10433041666667        6.60932416666667      -7.042289772208962E-002
   2.10433041666667        6.90965708333333      -6.501528824343558E-002
   2.10433041666667        7.20999000000000      -6.016817057027368E-002
   2.40466333333333       2.000000000000000E-003 -0.760342428247652     
   2.40466333333333       0.302332916666667      -0.731647867808028     
   2.40466333333333       0.602665833333333      -0.657532023789537     
   2.40466333333333       0.902998750000000      -0.564990191357491     
   2.40466333333333        1.20333166666667      -0.474260388338970     
   2.40466333333333        1.50366458333333      -0.395256490584197     
   2.40466333333333        1.80399750000000      -0.331417027916056     
   2.40466333333333        2.10433041666667      -0.282710108609695     
   2.40466333333333        2.40466333333333      -0.246972750258682     
   2.40466333333333        2.70499625000000      -0.220779986655577     
   2.40466333333333        3.00532916666667      -0.200475509066574     
   2.40466333333333        3.30566208333333      -0.183196862666483     
   2.40466333333333        3.60599500000000      -0.167423863878194     
   2.40466333333333        3.90632791666667      -0.152843839700960     
   2.40466333333333        4.20666083333333      -0.139734516627502     
   2.40466333333333        4.50699375000000      -0.128285419482166     
   2.40466333333333        4.80732666666667      -0.118262388176557     
   2.40466333333333        5.10765958333333      -0.109135671383140     
   2.40466333333333        5.40799250000000      -0.100448096337592     
   2.40466333333333        5.70832541666667      -9.206740064960696E-002
   2.40466333333333        6.00865833333333      -8.414235318918983E-002
   2.40466333333333        6.30899125000000      -7.686338233842889E-002
   2.40466333333333        6.60932416666667      -7.028619801949219E-002
   2.40466333333333        6.90965708333333      -6.441279028483834E-002
   2.40466333333333        7.20999000000000      -5.938487560758246E-002
   2.70499625000000       2.000000000000000E-003  -1.02419737027547     
   2.70499625000000       0.302332916666667      -0.976801559494266     
   2.70499625000000       0.602665833333333      -0.854622191298637     
   2.70499625000000       0.902998750000000      -0.701419245613656     
   2.70499625000000        1.20333166666667      -0.561626027539239     
   2.70499625000000        1.50366458333333      -0.450643352398076     
   2.70499625000000        1.80399750000000      -0.365995222914200     
   2.70499625000000        2.10433041666667      -0.303749632435737     
   2.70499625000000        2.40466333333333      -0.259497628314300     
   2.70499625000000        2.70499625000000      -0.228366339872935     
   2.70499625000000        3.00532916666667      -0.205536724400272     
   2.70499625000000        3.30566208333333      -0.187140056067379     
   2.70499625000000        3.60599500000000      -0.170881561599902     
   2.70499625000000        3.90632791666667      -0.155983595551110     
   2.70499625000000        4.20666083333333      -0.142544588850648     
   2.70499625000000        4.50699375000000      -0.130749551716186     
   2.70499625000000        4.80732666666667      -0.120404105185541     
   2.70499625000000        5.10765958333333      -0.110982944973719     
   2.70499625000000        5.40799250000000      -0.101990496638210     
   2.70499625000000        5.70832541666667      -9.324706121562809E-002
   2.70499625000000        6.00865833333333      -8.487043246006910E-002
   2.70499625000000        6.30899125000000      -7.701430170507507E-002
   2.70499625000000        6.60932416666667      -6.975649667493879E-002
   2.70499625000000        6.90965708333333      -6.341112782732199E-002
   2.70499625000000        7.20999000000000      -5.829446869695307E-002
   3.00532916666667       2.000000000000000E-003  -1.30762277917279     
   3.00532916666667       0.302332916666667       -1.24033637931125     
   3.00532916666667       0.602665833333333       -1.06562062288231     
   3.00532916666667       0.902998750000000      -0.849631770955212     
   3.00532916666667        1.20333166666667      -0.651090881070195     
   3.00532916666667        1.50366458333333      -0.503509608869606     
   3.00532916666667        1.80399750000000      -0.397731915047282     
   3.00532916666667        2.10433041666667      -0.322565567618332     
   3.00532916666667        2.40466333333333      -0.270366861628703     
   3.00532916666667        2.70499625000000      -0.234621630372753     
   3.00532916666667        3.00532916666667      -0.209407304093202     
   3.00532916666667        3.30566208333333      -0.189954359023180     
   3.00532916666667        3.60599500000000      -0.173277672955975     
   3.00532916666667        3.90632791666667      -0.158172703881825     
   3.00532916666667        4.20666083333333      -0.144541382717710     
   3.00532916666667        4.50699375000000      -0.132527794584553     
   3.00532916666667        4.80732666666667      -0.121960268799917     
   3.00532916666667        5.10765958333333      -0.112328083752994     
   3.00532916666667        5.40799250000000      -0.103117300532394     
   3.00532916666667        5.70832541666667      -9.410884047008108E-002
   3.00532916666667        6.00865833333333      -8.537226725988634E-002
   3.00532916666667        6.30899125000000      -7.699989817633980E-002
   3.00532916666667        6.60932416666667      -6.918478902565077E-002
   3.00532916666667        6.90965708333333      -6.243854551337061E-002
   3.00532916666667        7.20999000000000      -5.730917788339299E-002
   3.30566208333333       2.000000000000000E-003  -1.51061121824889     
   3.30566208333333       0.302332916666667       -1.43418904119472     
   3.30566208333333       0.602665833333333       -1.22978561839287     
   3.30566208333333       0.902998750000000      -0.965215035080966     
   3.30566208333333        1.20333166666667      -0.722480471686113     
   3.30566208333333        1.50366458333333      -0.542862449665198     
   3.30566208333333        1.80399750000000      -0.420524930606792     
   3.30566208333333        2.10433041666667      -0.335819911589703     
   3.30566208333333        2.40466333333333      -0.277893047860586     
   3.30566208333333        2.70499625000000      -0.238828602912969     
   3.30566208333333        3.00532916666667      -0.211878309637637     
   3.30566208333333        3.30566208333333      -0.191639917781879     
   3.30566208333333        3.60599500000000      -0.174659157925376     
   3.30566208333333        3.90632791666667      -0.159440979764265     
   3.30566208333333        4.20666083333333      -0.145723655306354     
   3.30566208333333        4.50699375000000      -0.133598072326715     
   3.30566208333333        4.80732666666667      -0.122904431555552     
   3.30566208333333        5.10765958333333      -0.113147529457598     
   3.30566208333333        5.40799250000000      -0.103806968520529     
   3.30566208333333        5.70832541666667      -9.463830958131678E-002
   3.30566208333333        6.00865833333333      -8.567184499810084E-002
   3.30566208333333        6.30899125000000      -7.697958195869757E-002
   3.30566208333333        6.60932416666667      -6.883757992776915E-002
   3.30566208333333        6.90965708333333      -6.199484455405547E-002
   3.30566208333333        7.20999000000000      -5.692897095345469E-002
   3.60599500000000       2.000000000000000E-003  -1.64499302936698     
   3.60599500000000       0.302332916666667       -1.49865397167382     
   3.60599500000000       0.602665833333333       -1.28949921061867     
   3.60599500000000       0.902998750000000       -1.00887730142134     
   3.60599500000000        1.20333166666667      -0.749803934752612     
   3.60599500000000        1.50366458333333      -0.557597017174514     
   3.60599500000000        1.80399750000000      -0.428873693466994     
   3.60599500000000        2.10433041666667      -0.340622638109517     
   3.60599500000000        2.40466333333333      -0.280598486801246     
   3.60599500000000        2.70499625000000      -0.240321151780538     
   3.60599500000000        3.00532916666667      -0.212731370766741     
   3.60599500000000        3.30566208333333      -0.192197252907446     
   3.60599500000000        3.60599500000000      -0.175101056142246     
   3.60599500000000        3.90632791666667      -0.159849845276201     
   3.60599500000000        4.20666083333333      -0.146112650218248     
   3.60599500000000        4.50699375000000      -0.133954415779813     
   3.60599500000000        4.80732666666667      -0.123220689988159     
   3.60599500000000        5.10765958333333      -0.113423614160665     
   3.60599500000000        5.40799250000000      -0.104041517335898     
   3.60599500000000        5.70832541666667      -9.482175044852914E-002
   3.60599500000000        6.00865833333333      -8.578296453432373E-002
   3.60599500000000        6.30899125000000      -7.699910153356333E-002
   3.60599500000000        6.60932416666667      -6.880718115470910E-002
   3.60599500000000        6.90965708333333      -6.218723878631535E-002
   3.60599500000000        7.20999000000000      -5.724176419808710E-002
   3.90632791666667       2.000000000000000E-003  -1.51061462427782     
   3.90632791666667       0.302332916666667       -1.43416222935206     
   3.90632791666667       0.602665833333333       -1.22976572654100     
   3.90632791666667       0.902998750000000      -0.965209070639389     
   3.90632791666667        1.20333166666667      -0.722482727164126     
   3.90632791666667        1.50366458333333      -0.542866744597034     
   3.90632791666667        1.80399750000000      -0.420528577465787     
   3.90632791666667        2.10433041666667      -0.335822179658109     
   3.90632791666667        2.40466333333333      -0.277894092067716     
   3.90632791666667        2.70499625000000      -0.238829016599640     
   3.90632791666667        3.00532916666667      -0.211878685399415     
   3.90632791666667        3.30566208333333      -0.191640613562801     
   3.90632791666667        3.60599500000000      -0.174660218359206     
   3.90632791666667        3.90632791666667      -0.159442102329524     
   3.90632791666667        4.20666083333333      -0.145724527419074     
   3.90632791666667        4.50699375000000      -0.133598699954319     
   3.90632791666667        4.80732666666667      -0.122905314474349     
   3.90632791666667        5.10765958333333      -0.113149868398337     
   3.90632791666667        5.40799250000000      -0.103812619618008     
   3.90632791666667        5.70832541666667      -9.465029333863441E-002
   3.90632791666667        6.00865833333333      -8.569683393402405E-002
   3.90632791666667        6.30899125000000      -7.702841452588184E-002
   3.90632791666667        6.60932416666667      -6.891729784396960E-002
   3.90632791666667        6.90965708333333      -6.208774152660873E-002
   3.90632791666667        7.20999000000000      -5.696969387203658E-002
   4.20666083333333       2.000000000000000E-003  -1.30763005281175     
   4.20666083333333       0.302332916666667       -1.24031952133206     
   4.20666083333333       0.602665833333333       -1.06560682826032     
   4.20666083333333       0.902998750000000      -0.849631231548136     
   4.20666083333333        1.20333166666667      -0.651099005794143     
   4.20666083333333        1.50366458333333      -0.503519281204589     
   4.20666083333333        1.80399750000000      -0.397739605331648     
   4.20666083333333        2.10433041666667      -0.322570256915246     
   4.20666083333333        2.40466333333333      -0.270368904449681     
   4.20666083333333        2.70499625000000      -0.234622226449893     
   4.20666083333333        3.00532916666667      -0.209407780810152     
   4.20666083333333        3.30566208333333      -0.189955658336484     
   4.20666083333333        3.60599500000000      -0.173279913474509     
   4.20666083333333        3.90632791666667      -0.158175244992811     
   4.20666083333333        4.20666083333333      -0.144543406716082     
   4.20666083333333        4.50699375000000      -0.132528958259359     
   4.20666083333333        4.80732666666667      -0.121961273016864     
   4.20666083333333        5.10765958333333      -0.112330911985393     
   4.20666083333333        5.40799250000000      -0.103125109288649     
   4.20666083333333        5.70832541666667      -9.412617648442376E-002
   4.20666083333333        6.00865833333333      -8.540704417194338E-002
   4.20666083333333        6.30899125000000      -7.706567560068639E-002
   4.20666083333333        6.60932416666667      -6.928493481953490E-002
   4.20666083333333        6.90965708333333      -6.254874760904007E-002
   4.20666083333333        7.20999000000000      -5.737645602637834E-002
   4.50699375000000       2.000000000000000E-003  -1.02420498810491     
   4.50699375000000       0.302332916666667      -0.976801911050831     
   4.50699375000000       0.602665833333333      -0.854625326430307     
   4.50699375000000       0.902998750000000      -0.701430739689747     
   4.50699375000000        1.20333166666667      -0.561642028319904     
   4.50699375000000        1.50366458333333      -0.450658865624435     
   4.50699375000000        1.80399750000000      -0.366006945030085     
   4.50699375000000        2.10433041666667      -0.303756369026132     
   4.50699375000000        2.40466333333333      -0.259500001484048     
   4.50699375000000        2.70499625000000      -0.228366281716579     
   4.50699375000000        3.00532916666667      -0.205536600000054     
   4.50699375000000        3.30566208333333      -0.187141600158392     
   4.50699375000000        3.60599500000000      -0.170885155537263     
   4.50699375000000        3.90632791666667      -0.155988139057576     
   4.50699375000000        4.20666083333333      -0.142548443576231     
   4.50699375000000        4.50699375000000      -0.130751522835154     
   4.50699375000000        4.80732666666667      -0.120404455241623     
   4.50699375000000        5.10765958333333      -0.110983876317532     
   4.50699375000000        5.40799250000000      -0.101995722230337     
   4.50699375000000        5.70832541666667      -9.326132882528818E-002
   4.50699375000000        6.00865833333333      -8.489958314038369E-002
   4.50699375000000        6.30899125000000      -7.706605367169755E-002
   4.50699375000000        6.60932416666667      -6.983271917911746E-002
   4.50699375000000        6.90965708333333      -6.349223899776725E-002
   4.50699375000000        7.20999000000000      -5.834916422235194E-002
   4.80732666666667       2.000000000000000E-003 -0.760348171812848     
   4.80732666666667       0.302332916666667      -0.731657917495888     
   4.80732666666667       0.602665833333333      -0.657547649260419     
   4.80732666666667       0.902998750000000      -0.565011004757377     
   4.80732666666667        1.20333166666667      -0.474282980843348     
   4.80732666666667        1.50366458333333      -0.395276578128739     
   4.80732666666667        1.80399750000000      -0.331431320708670     
   4.80732666666667        2.10433041666667      -0.282717259722022     
   4.80732666666667        2.40466333333333      -0.246973670007029     
   4.80732666666667        2.70499625000000      -0.220777578550401     
   4.80732666666667        3.00532916666667      -0.200473398357683     
   4.80732666666667        3.30566208333333      -0.183197883423225     
   4.80732666666667        3.60599500000000      -0.167428847522094     
   4.80732666666667        3.90632791666667      -0.152851342907581     
   4.80732666666667        4.20666083333333      -0.139741547849827     
   4.80732666666667        4.50699375000000      -0.128289306388628     
   4.80732666666667        4.80732666666667      -0.118262340781742     
   4.80732666666667        5.10765958333333      -0.109133429492558     
   4.80732666666667        5.40799250000000      -0.100447438849531     
   4.80732666666667        5.70832541666667      -9.207287743049387E-002
   4.80732666666667        6.00865833333333      -8.415798010296099E-002
   4.80732666666667        6.30899125000000      -7.689152035303981E-002
   4.80732666666667        6.60932416666667      -7.032541664276661E-002
   4.80732666666667        6.90965708333333      -6.445408758517335E-002
   4.80732666666667        7.20999000000000      -5.941272933277629E-002
   5.10765958333333       2.000000000000000E-003 -0.563793173812045     
   5.10765958333333       0.302332916666667      -0.549028360391130     
   5.10765958333333       0.602665833333333      -0.509473249709287     
   5.10765958333333       0.902998750000000      -0.456038490285752     
   5.10765958333333        1.20333166666667      -0.398530407743901     
   5.10765958333333        1.50366458333333      -0.344573936011519     
   5.10765958333333        1.80399750000000      -0.298593280688525     
   5.10765958333333        2.10433041666667      -0.262039299889389     
   5.10765958333333        2.40466333333333      -0.234034974730942     
   5.10765958333333        2.70499625000000      -0.212302516565555     
   5.10765958333333        3.00532916666667      -0.194278340686790     
   5.10765958333333        3.30566208333333      -0.178069621853788     
   5.10765958333333        3.60599500000000      -0.162873886234013     
   5.10765958333333        3.90632791666667      -0.148773831486957     
   5.10765958333333        4.20666083333333      -0.136159522226152     
   5.10765958333333        4.50699375000000      -0.125183381758359     
   5.10765958333333        4.80732666666667      -0.115568510204121     
   5.10765958333333        5.10765958333333      -0.106807092478362     
   5.10765958333333        5.40799250000000      -9.850720232899171E-002
   5.10765958333333        5.70832541666667      -9.058567173770268E-002
   5.10765958333333        6.00865833333333      -8.318869094646691E-002
   5.10765958333333        6.30899125000000      -7.646730658577350E-002
   5.10765958333333        6.60932416666667      -7.043443861334095E-002
   5.10765958333333        6.90965708333333      -6.502630295993425E-002
   5.10765958333333        7.20999000000000      -6.017307783454706E-002
   5.40799250000000       2.000000000000000E-003 -0.436649397293972     
   5.40799250000000       0.302332916666667      -0.428134775808766     
   5.40799250000000       0.602665833333333      -0.405198015648637     
   5.40799250000000       0.902998750000000      -0.372887716461860     
   5.40799250000000        1.20333166666667      -0.336991279648419     
   5.40799250000000        1.50366458333333      -0.301769958728817     
   5.40799250000000        1.80399750000000      -0.269833378159832     
   5.40799250000000        2.10433041666667      -0.243017223800754     
   5.40799250000000        2.40466333333333      -0.221209266908251     
   5.40799250000000        2.70499625000000      -0.203039241477850     
   5.40799250000000        3.00532916666667      -0.186896404627884     
   5.40799250000000        3.30566208333333      -0.171714432119080     
   5.40799250000000        3.60599500000000      -0.157248281245365     
   5.40799250000000        3.90632791666667      -0.143834973288923     
   5.40799250000000        4.20666083333333      -0.131890778306178     
   5.40799250000000        4.50699375000000      -0.121504582755473     
   5.40799250000000        4.80732666666667      -0.112373570671619     
   5.40799250000000        5.10765958333333      -0.104044588141887     
   5.40799250000000        5.40799250000000      -9.621273783880178E-002
   5.40799250000000        5.70832541666667      -8.883891724784596E-002
   5.40799250000000        6.00865833333333      -8.202834971907334E-002
   5.40799250000000        6.30899125000000      -7.583027635954674E-002
   5.40799250000000        6.60932416666667      -7.023873295324547E-002
   5.40799250000000        6.90965708333333      -6.515405509025768E-002
   5.40799250000000        7.20999000000000      -6.047552178267387E-002
   5.70832541666667       2.000000000000000E-003 -0.356977863769294     
   5.70832541666667       0.302332916666667      -0.351197312800522     
   5.70832541666667       0.602665833333333      -0.335835664192472     
   5.70832541666667       0.902998750000000      -0.314710325230403     
   5.70832541666667        1.20333166666667      -0.291189203067041     
   5.70832541666667        1.50366458333333      -0.267656414852869     
   5.70832541666667        1.80399750000000      -0.245630091222094     
   5.70832541666667        2.10433041666667      -0.225807855173651     
   5.70832541666667        2.40466333333333      -0.208458008895797     
   5.70832541666667        2.70499625000000      -0.192924288008662     
   5.70832541666667        3.00532916666667      -0.178349793402565     
   5.70832541666667        3.30566208333333      -0.164262242335322     
   5.70832541666667        3.60599500000000      -0.150740396529025     
   5.70832541666667        3.90632791666667      -0.138217630459341     
   5.70832541666667        4.20666083333333      -0.127081925764654     
   5.70832541666667        4.50699375000000      -0.117362541832424     
   5.70832541666667        4.80732666666667      -0.108759845865346     
   5.70832541666667        5.10765958333333      -0.100911024732168     
   5.70832541666667        5.40799250000000      -9.361903058758027E-002
   5.70832541666667        5.70832541666667      -8.686913272560309E-002
   5.70832541666667        6.00865833333333      -8.063108896365306E-002
   5.70832541666667        6.30899125000000      -7.494262772276608E-002
   5.70832541666667        6.60932416666667      -6.976823868597404E-002
   5.70832541666667        6.90965708333333      -6.497421432403276E-002
   5.70832541666667        7.20999000000000      -6.045453769568766E-002
   6.00865833333333       2.000000000000000E-003 -0.311698243804906     
   6.00865833333333       0.302332916666667      -0.305805270781836     
   6.00865833333333       0.602665833333333      -0.291958929042467     
   6.00865833333333       0.902998750000000      -0.275527000661291     
   6.00865833333333        1.20333166666667      -0.258611940119024     
   6.00865833333333        1.50366458333333      -0.241740791915370     
   6.00865833333333        1.80399750000000      -0.225385821074673     
   6.00865833333333        2.10433041666667      -0.209950862270580     
   6.00865833333333        2.40466333333333      -0.195561179350092     
   6.00865833333333        2.70499625000000      -0.182002701692252     
   6.00865833333333        3.00532916666667      -0.168915944228102     
   6.00865833333333        3.30566208333333      -0.156122855643978     
   6.00865833333333        3.60599500000000      -0.143725363158104     
   6.00865833333333        3.90632791666667      -0.132174356592413     
   6.00865833333333        4.20666083333333      -0.121898124611531     
   6.00865833333333        4.50699375000000      -0.112891979780338     
   6.00865833333333        4.80732666666667      -0.104841741443123     
   6.00865833333333        5.10765958333333      -9.749550004513589E-002
   6.00865833333333        5.40799250000000      -9.077871162449141E-002
   6.00865833333333        5.70832541666667      -8.460414485621155E-002
   6.00865833333333        6.00865833333333      -7.892772088549532E-002
   6.00865833333333        6.30899125000000      -7.375803603469328E-002
   6.00865833333333        6.60932416666667      -6.901936933758630E-002
   6.00865833333333        6.90965708333333      -6.451519155950688E-002
   6.00865833333333        7.20999000000000      -6.011846945353703E-002
   6.30899125000000       2.000000000000000E-003 -0.290632113458329     
   6.30899125000000       0.302332916666667      -0.281035044988589     
   6.30899125000000       0.602665833333333      -0.263478119794309     
   6.30899125000000       0.902998750000000      -0.248081409541228     
   6.30899125000000        1.20333166666667      -0.234445470699704     
   6.30899125000000        1.50366458333333      -0.221113682355623     
   6.30899125000000        1.80399750000000      -0.207846331730112     
   6.30899125000000        2.10433041666667      -0.194866449086594     
   6.30899125000000        2.40466333333333      -0.182443575086504     
   6.30899125000000        2.70499625000000      -0.170569870138443     
   6.30899125000000        3.00532916666667      -0.159066159910871     
   6.30899125000000        3.30566208333333      -0.147619270037071     
   6.30899125000000        3.60599500000000      -0.136339249459936     
   6.30899125000000        3.90632791666667      -0.125827154503436     
   6.30899125000000        4.20666083333333      -0.116471352888092     
   6.30899125000000        4.50699375000000      -0.108220294532106     
   6.30899125000000        4.80732666666667      -0.100753996889972     
   6.30899125000000        5.10765958333333      -9.389186562461563E-002
   6.30899125000000        5.40799250000000      -8.768423290699741E-002
   6.30899125000000        5.70832541666667      -8.204522407787275E-002
   6.30899125000000        6.00865833333333      -7.691663118852649E-002
   6.30899125000000        6.30899125000000      -7.226452982399560E-002
   6.30899125000000        6.60932416666667      -6.799438394397467E-002
   6.30899125000000        6.90965708333333      -6.380710697478456E-002
   6.30899125000000        7.20999000000000      -5.944314702746884E-002
   6.60932416666667       2.000000000000000E-003 -0.280768933614731     
   6.60932416666667       0.302332916666667      -0.262234917123021     
   6.60932416666667       0.602665833333333      -0.239660409090478     
   6.60932416666667       0.902998750000000      -0.226129035839618     
   6.60932416666667        1.20333166666667      -0.214691729465580     
   6.60932416666667        1.50366458333333      -0.203125238655319     
   6.60932416666667        1.80399750000000      -0.191511858353201     
   6.60932416666667        2.10433041666667      -0.180150970673919     
   6.60932416666667        2.40466333333333      -0.169280822221000     
   6.60932416666667        2.70499625000000      -0.159037377564460     
   6.60932416666667        3.00532916666667      -0.149159367194035     
   6.60932416666667        3.30566208333333      -0.139183606479504     
   6.60932416666667        3.60599500000000      -0.129122148464949     
   6.60932416666667        3.90632791666667      -0.119767652641952     
   6.60932416666667        4.20666083333333      -0.111399527806805     
   6.60932416666667        4.50699375000000      -0.103692477126397     
   6.60932416666667        4.80732666666667      -9.665455309843100E-002
   6.60932416666667        5.10765958333333      -9.017798008310253E-002
   6.60932416666667        5.40799250000000      -8.439886062949135E-002
   6.60932416666667        5.70832541666667      -7.926237084202870E-002
   6.60932416666667        6.00865833333333      -7.466859615888199E-002
   6.60932416666667        6.30899125000000      -7.051898785009672E-002
   6.60932416666667        6.60932416666667      -6.671107001670282E-002
   6.60932416666667        6.90965708333333      -6.297427458821114E-002
   6.60932416666667        7.20999000000000      -5.860199020089693E-002
   6.90965708333333       2.000000000000000E-003 -0.255606555504999     
   6.90965708333333       0.302332916666667      -0.233457092535651     
   6.90965708333333       0.602665833333333      -0.216807126755842     
   6.90965708333333       0.902998750000000      -0.207335775182243     
   6.90965708333333        1.20333166666667      -0.197118615422102     
   6.90965708333333        1.50366458333333      -0.186334997112547     
   6.90965708333333        1.80399750000000      -0.175770925953687     
   6.90965708333333        2.10433041666667      -0.165768520233032     
   6.90965708333333        2.40466333333333      -0.156420517106154     
   6.90965708333333        2.70499625000000      -0.147785051974234     
   6.90965708333333        3.00532916666667      -0.139692447598948     
   6.90965708333333        3.30566208333333      -0.131713726584040     
   6.90965708333333        3.60599500000000      -0.123392303153810     
   6.90965708333333        3.90632791666667      -0.115056292330263     
   6.90965708333333        4.20666083333333      -0.107350443195085     
   6.90965708333333        4.50699375000000      -9.975942001871933E-002
   6.90965708333333        4.80732666666667      -9.270205068133458E-002
   6.90965708333333        5.10765958333333      -8.642838083403499E-002
   6.90965708333333        5.40799250000000      -8.100140292009943E-002
   6.90965708333333        5.70832541666667      -7.634732127703821E-002
   6.90965708333333        6.00865833333333      -7.231858124056735E-002
   6.90965708333333        6.30899125000000      -6.875341080138123E-002
   6.90965708333333        6.60932416666667      -6.541572618739906E-002
   6.90965708333333        6.90965708333333      -6.220034980915004E-002
   6.90965708333333        7.20999000000000      -5.860747633975544E-002
   7.20999000000000       2.000000000000000E-003 -0.218656785312181     
   7.20999000000000       0.302332916666667      -0.214162796391432     
   7.20999000000000       0.602665833333333      -0.201766128404669     
   7.20999000000000       0.902998750000000      -0.190930337294387     
   7.20999000000000        1.20333166666667      -0.180406965912185     
   7.20999000000000        1.50366458333333      -0.170259077000877     
   7.20999000000000        1.80399750000000      -0.160780794853656     
   7.20999000000000        2.10433041666667      -0.152127519308302     
   7.20999000000000        2.40466333333333      -0.144265395740587     
   7.20999000000000        2.70499625000000      -0.137130091553911     
   7.20999000000000        3.00532916666667      -0.130723766732214     
   7.20999000000000        3.30566208333333      -0.124685515073847     
   7.20999000000000        3.60599500000000      -0.118685396901336     
   7.20999000000000        3.90632791666667      -0.111212509546381     
   7.20999000000000        4.20666083333333      -0.103820291778960     
   7.20999000000000        4.50699375000000      -9.600831776871001E-002
   7.20999000000000        4.80732666666667      -8.881215768687077E-002
   7.20999000000000        5.10765958333333      -8.263391803122555E-002
   7.20999000000000        5.40799250000000      -7.753765585164463E-002
   7.20999000000000        5.70832541666667      -7.333126842755108E-002
   7.20999000000000        6.00865833333333      -6.987585852043901E-002
   7.20999000000000        6.30899125000000      -6.706705005411695E-002
   7.20999000000000        6.60932416666667      -6.467696888710245E-002
   7.20999000000000        6.90965708333333      -6.186385372399229E-002
   7.20999000000000        7.20999000000000      -5.833035374260058E-002
