  2.000000000000000E-003  2.000000000000000E-003  -1.99886320800615     
  2.000000000000000E-003  0.302332916666667       -1.98748766454763     
  2.000000000000000E-003  0.602665833333333       -1.67561494301245     
  2.000000000000000E-003  0.902998750000000       -1.26847013532329     
  2.000000000000000E-003   1.20333166666667      -0.945557062687087     
  2.000000000000000E-003   1.50366458333333      -0.715759530094481     
  2.000000000000000E-003   1.80399750000000      -0.555844663653791     
  2.000000000000000E-003   2.10433041666667      -0.445621635609331     
  2.000000000000000E-003   2.40466333333333      -0.369018135189257     
  2.000000000000000E-003   2.70499625000000      -0.315730985800570     
  2.000000000000000E-003   3.00532916666667      -0.277954891101682     
  2.000000000000000E-003   3.30566208333333      -0.245460080966922     
  2.000000000000000E-003   3.60599500000000      -0.218655379518694     
  2.000000000000000E-003   3.90632791666667      -0.190203686307921     
  2.000000000000000E-003   4.20666083333333      -0.168044355281225     
  2.000000000000000E-003   4.50699375000000      -0.152262181269649     
  2.000000000000000E-003   4.80732666666667      -0.139179882674234     
  2.000000000000000E-003   5.10765958333333      -0.127231694391839     
  2.000000000000000E-003   5.40799250000000      -0.115891841022394     
  2.000000000000000E-003   5.70832541666667      -0.104611039933305     
  2.000000000000000E-003   6.00865833333333      -9.333356539787269E-002
  2.000000000000000E-003   6.30899125000000      -8.245704627192714E-002
  2.000000000000000E-003   6.60932416666667      -7.277649639220424E-002
  2.000000000000000E-003   6.90965708333333      -6.518985979635317E-002
  2.000000000000000E-003   7.20999000000000      -6.073045337448089E-002
  0.302332916666667       2.000000000000000E-003  -1.98747703335991     
  0.302332916666667       0.302332916666667       -1.80053536134076     
  0.302332916666667       0.602665833333333       -1.51070629236286     
  0.302332916666667       0.902998750000000       -1.18139499777717     
  0.302332916666667        1.20333166666667      -0.901968053712998     
  0.302332916666667        1.50366458333333      -0.693145205658141     
  0.302332916666667        1.80399750000000      -0.543713492777565     
  0.302332916666667        2.10433041666667      -0.438955994869040     
  0.302332916666667        2.40466333333333      -0.365223186399704     
  0.302332916666667        2.70499625000000      -0.313119016896649     
  0.302332916666667        3.00532916666667      -0.276020579137077     
  0.302332916666667        3.30566208333333      -0.244745273905051     
  0.302332916666667        3.60599500000000      -0.215215947619249     
  0.302332916666667        3.90632791666667      -0.188617256163867     
  0.302332916666667        4.20666083333333      -0.167545566713791     
  0.302332916666667        4.50699375000000      -0.151839477857077     
  0.302332916666667        4.80732666666667      -0.138749271552043     
  0.302332916666667        5.10765958333333      -0.126888801812674     
  0.302332916666667        5.40799250000000      -0.115691431827367     
  0.302332916666667        5.70832541666667      -0.104652176316019     
  0.302332916666667        6.00865833333333      -9.384568529111340E-002
  0.302332916666667        6.30899125000000      -8.392580326146291E-002
  0.302332916666667        6.60932416666667      -7.606047160899504E-002
  0.302332916666667        6.90965708333333      -6.926403364307679E-002
  0.302332916666667        7.20999000000000      -5.801570034868671E-002
  0.602665833333333       2.000000000000000E-003  -1.67560220108123     
  0.602665833333333       0.302332916666667       -1.51069944270595     
  0.602665833333333       0.602665833333333       -1.24702833806489     
  0.602665833333333       0.902998750000000       -1.00757867459084     
  0.602665833333333        1.20333166666667      -0.801607276148225     
  0.602665833333333        1.50366458333333      -0.636803057272626     
  0.602665833333333        1.80399750000000      -0.511853234530750     
  0.602665833333333        2.10433041666667      -0.420480627064667     
  0.602665833333333        2.40466333333333      -0.354148342739587     
  0.602665833333333        2.70499625000000      -0.305348889289306     
  0.602665833333333        3.00532916666667      -0.269710119268007     
  0.602665833333333        3.30566208333333      -0.240109888303861     
  0.602665833333333        3.60599500000000      -0.212121760121895     
  0.602665833333333        3.90632791666667      -0.186821037480449     
  0.602665833333333        4.20666083333333      -0.166537812686861     
  0.602665833333333        4.50699375000000      -0.150802466477176     
  0.602665833333333        4.80732666666667      -0.137637925842637     
  0.602665833333333        5.10765958333333      -0.125933009432955     
  0.602665833333333        5.40799250000000      -0.115020015116514     
  0.602665833333333        5.70832541666667      -0.104491260781135     
  0.602665833333333        6.00865833333333      -9.450816240383562E-002
  0.602665833333333        6.30899125000000      -8.560894935669405E-002
  0.602665833333333        6.60932416666667      -7.791879853685921E-002
  0.602665833333333        6.90965708333333      -6.886712336308111E-002
  0.602665833333333        7.20999000000000      -5.835900745691558E-002
  0.902998750000000       2.000000000000000E-003  -1.26846421801677     
  0.902998750000000       0.302332916666667       -1.18139108013494     
  0.902998750000000       0.602665833333333       -1.00757779975755     
  0.902998750000000       0.902998750000000      -0.837300887271834     
  0.902998750000000        1.20333166666667      -0.689806738941098     
  0.902998750000000        1.50366458333333      -0.567075037865024     
  0.902998750000000        1.80399750000000      -0.469189084094194     
  0.902998750000000        2.10433041666667      -0.394105380120522     
  0.902998750000000        2.40466333333333      -0.336890531099078     
  0.902998750000000        2.70499625000000      -0.293254704605214     
  0.902998750000000        3.00532916666667      -0.259827837961455     
  0.902998750000000        3.30566208333333      -0.232056790939809     
  0.902998750000000        3.60599500000000      -0.206661462481008     
  0.902998750000000        3.90632791666667      -0.183732677234668     
  0.902998750000000        4.20666083333333      -0.164570427602217     
  0.902998750000000        4.50699375000000      -0.149060710167053     
  0.902998750000000        4.80732666666667      -0.135934533564445     
  0.902998750000000        5.10765958333333      -0.124384414468268     
  0.902998750000000        5.40799250000000      -0.113805169330442     
  0.902998750000000        5.70832541666667      -0.103763421184097     
  0.902998750000000        6.00865833333333      -9.435661195881449E-002
  0.902998750000000        6.30899125000000      -8.575258487914789E-002
  0.902998750000000        6.60932416666667      -7.758133189200041E-002
  0.902998750000000        6.90965708333333      -6.888229925211094E-002
  0.902998750000000        7.20999000000000      -6.103712432005413E-002
   1.20333166666667       2.000000000000000E-003 -0.945557005352350     
   1.20333166666667       0.302332916666667      -0.901968418536397     
   1.20333166666667       0.602665833333333      -0.801608254522048     
   1.20333166666667       0.902998750000000      -0.689807580979828     
   1.20333166666667        1.20333166666667      -0.586815967853798     
   1.20333166666667        1.50366458333333      -0.497635724981183     
   1.20333166666667        1.80399750000000      -0.423443990951227     
   1.20333166666667        2.10433041666667      -0.363609408540184     
   1.20333166666667        2.40466333333333      -0.315878654179376     
   1.20333166666667        2.70499625000000      -0.278107260116423     
   1.20333166666667        3.00532916666667      -0.247791760769841     
   1.20333166666667        3.30566208333333      -0.222281663075223     
   1.20333166666667        3.60599500000000      -0.199474152813030     
   1.20333166666667        3.90632791666667      -0.179006453594930     
   1.20333166666667        4.20666083333333      -0.161359024848807     
   1.20333166666667        4.50699375000000      -0.146407372566680     
   1.20333166666667        4.80732666666667      -0.133586563447777     
   1.20333166666667        5.10765958333333      -0.122304410109012     
   1.20333166666667        5.40799250000000      -0.112041257749868     
   1.20333166666667        5.70832541666667      -0.102406185540735     
   1.20333166666667        6.00865833333333      -9.339496709416092E-002
   1.20333166666667        6.30899125000000      -8.504203066267620E-002
   1.20333166666667        6.60932416666667      -7.713900696351547E-002
   1.20333166666667        6.90965708333333      -6.955793868630007E-002
   1.20333166666667        7.20999000000000      -6.308108267855386E-002
   1.50366458333333       2.000000000000000E-003 -0.715763118878625     
   1.50366458333333       0.302332916666667      -0.693148664383460     
   1.50366458333333       0.602665833333333      -0.636806051510507     
   1.50366458333333       0.902998750000000      -0.567077157000461     
   1.50366458333333        1.20333166666667      -0.497636738480296     
   1.50366458333333        1.50366458333333      -0.434285478016789     
   1.50366458333333        1.80399750000000      -0.379083600318182     
   1.50366458333333        2.10433041666667      -0.332262530812900     
   1.50366458333333        2.40466333333333      -0.293471002825517     
   1.50366458333333        2.70499625000000      -0.261570564425084     
   1.50366458333333        3.00532916666667      -0.234936833198819     
   1.50366458333333        3.30566208333333      -0.211947477388959     
   1.50366458333333        3.60599500000000      -0.191469424944044     
   1.50366458333333        3.90632791666667      -0.173116334065180     
   1.50366458333333        4.20666083333333      -0.156932332797574     
   1.50366458333333        4.50699375000000      -0.142865316834527     
   1.50366458333333        4.80732666666667      -0.130608170048364     
   1.50366458333333        5.10765958333333      -0.119719228803665     
   1.50366458333333        5.40799250000000      -0.109786266451988     
   1.50366458333333        5.70832541666667      -0.100534312760089     
   1.50366458333333        6.00865833333333      -9.189385908682615E-002
   1.50366458333333        6.30899125000000      -8.391434020799921E-002
   1.50366458333333        6.60932416666667      -7.654531007674174E-002
   1.50366458333333        6.90965708333333      -6.980186414274772E-002
   1.50366458333333        7.20999000000000      -6.395930055655494E-002
   1.80399750000000       2.000000000000000E-003 -0.555850378893015     
   1.80399750000000       0.302332916666667      -0.543718875169986     
   1.80399750000000       0.602665833333333      -0.511857669819374     
   1.80399750000000       0.902998750000000      -0.469192202157732     
   1.80399750000000        1.20333166666667      -0.423445724368070     
   1.80399750000000        1.50366458333333      -0.379084218244312     
   1.80399750000000        1.80399750000000      -0.338275930997391     
   1.80399750000000        2.10433041666667      -0.302273422093463     
   1.80399750000000        2.40466333333333      -0.271297534007413     
   1.80399750000000        2.70499625000000      -0.244788233812880     
   1.80399750000000        3.00532916666667      -0.221803568725584     
   1.80399750000000        3.30566208333333      -0.201426828271798     
   1.80399750000000        3.60599500000000      -0.183060182765182     
   1.80399750000000        3.90632791666667      -0.166490143557673     
   1.80399750000000        4.20666083333333      -0.151705076344366     
   1.80399750000000        4.50699375000000      -0.138641189038220     
   1.80399750000000        4.80732666666667      -0.127070664976116     
   1.80399750000000        5.10765958333333      -0.116663384313323     
   1.80399750000000        5.40799250000000      -0.107117465102319     
   1.80399750000000        5.70832541666667      -9.825005380619344E-002
   1.80399750000000        6.00865833333333      -9.000293956240200E-002
   1.80399750000000        6.30899125000000      -8.241411667593451E-002
   1.80399750000000        6.60932416666667      -7.550512940783224E-002
   1.80399750000000        6.90965708333333      -6.927674233018684E-002
   1.80399750000000        7.20999000000000      -6.379177831628768E-002
   2.10433041666667       2.000000000000000E-003 -0.445628479327074     
   2.10433041666667       0.302332916666667      -0.438962350071981     
   2.10433041666667       0.602665833333333      -0.420485722328376     
   2.10433041666667       0.902998750000000      -0.394108803786131     
   2.10433041666667        1.20333166666667      -0.363611328224691     
   2.10433041666667        1.50366458333333      -0.332263394055502     
   2.10433041666667        1.80399750000000      -0.302273696124492     
   2.10433041666667        2.10433041666667      -0.274820194406504     
   2.10433041666667        2.40466333333333      -0.250245465774946     
   2.10433041666667        2.70499625000000      -0.228333046207651     
   2.10433041666667        3.00532916666667      -0.208623877749051     
   2.10433041666667        3.30566208333333      -0.190692024867056     
   2.10433041666667        3.60599500000000      -0.174296843083102     
   2.10433041666667        3.90632791666667      -0.159377482901167     
   2.10433041666667        4.20666083333333      -0.145932164607544     
   2.10433041666667        4.50699375000000      -0.133887515018686     
   2.10433041666667        4.80732666666667      -0.123055625605291     
   2.10433041666667        5.10765958333333      -0.113192718657552     
   2.10433041666667        5.40799250000000      -0.104093726466763     
   2.10433041666667        5.70832541666667      -9.564676040699384E-002
   2.10433041666667        6.00865833333333      -8.781827447487066E-002
   2.10433041666667        6.30899125000000      -8.060192950906199E-002
   2.10433041666667        6.60932416666667      -7.399701649183558E-002
   2.10433041666667        6.90965708333333      -6.805172335938366E-002
   2.10433041666667        7.20999000000000      -6.280558044688941E-002
   2.40466333333333       2.000000000000000E-003 -0.369025331159535     
   2.40466333333333       0.302332916666667      -0.365229761301556     
   2.40466333333333       0.602665833333333      -0.354153389947867     
   2.40466333333333       0.902998750000000      -0.336893885341746     
   2.40466333333333        1.20333166666667      -0.315880598102000     
   2.40466333333333        1.50366458333333      -0.293471983637642     
   2.40466333333333        1.80399750000000      -0.271297974680807     
   2.40466333333333        2.10433041666667      -0.250245642270101     
   2.40466333333333        2.40466333333333      -0.230635160429171     
   2.40466333333333        2.70499625000000      -0.212448294255093     
   2.40466333333333        3.00532916666667      -0.195547885010556     
   2.40466333333333        3.30566208333333      -0.179831033341231     
   2.40466333333333        3.60599500000000      -0.165279446140651     
   2.40466333333333        3.90632791666667      -0.151922272924310     
   2.40466333333333        4.20666083333333      -0.139762259798091     
   2.40466333333333        4.50699375000000      -0.128722687372413     
   2.40466333333333        4.80732666666667      -0.118653354011935     
   2.40466333333333        5.10765958333333      -0.109387179160854     
   2.40466333333333        5.40799250000000      -0.100800444770742     
   2.40466333333333        5.70832541666667      -9.283126229811485E-002
   2.40466333333333        6.00865833333333      -8.544622001972499E-002
   2.40466333333333        6.30899125000000      -7.859005316978654E-002
   2.40466333333333        6.60932416666667      -7.219230257168033E-002
   2.40466333333333        6.90965708333333      -6.631035919766577E-002
   2.40466333333333        7.20999000000000      -6.124119706166992E-002
   2.70499625000000       2.000000000000000E-003 -0.315738642745875     
   2.70499625000000       0.302332916666667      -0.313125993897728     
   2.70499625000000       0.602665833333333      -0.305354045089316     
   2.70499625000000       0.902998750000000      -0.293257976189189     
   2.70499625000000        1.20333166666667      -0.278109244082581     
   2.70499625000000        1.50366458333333      -0.261571734053973     
   2.70499625000000        1.80399750000000      -0.244788936179058     
   2.70499625000000        2.10433041666667      -0.228333485985306     
   2.70499625000000        2.40466333333333      -0.212448533077635     
   2.70499625000000        2.70499625000000      -0.197221220809571     
   2.70499625000000        3.00532916666667      -0.182707536274270     
   2.70499625000000        3.30566208333333      -0.168987928193030     
   2.70499625000000        3.60599500000000      -0.156155527773061     
   2.70499625000000        3.90632791666667      -0.144271524948456     
   2.70499625000000        4.20666083333333      -0.133331704759687     
   2.70499625000000        4.50699375000000      -0.123265135478387     
   2.70499625000000        4.80732666666667      -0.113966273476246     
   2.70499625000000        5.10765958333333      -0.105340189857966     
   2.70499625000000        5.40799250000000      -9.733067686698224E-002
   2.70499625000000        5.70832541666667      -8.991074087801561E-002
   2.70499625000000        6.00865833333333      -8.303160330027888E-002
   2.70499625000000        6.30899125000000      -7.653868718507054E-002
   2.70499625000000        6.60932416666667      -7.026163439052972E-002
   2.70499625000000        6.90965708333333      -6.441354129342049E-002
   2.70499625000000        7.20999000000000      -5.951614889813099E-002
   3.00532916666667       2.000000000000000E-003 -0.277963031574615     
   3.00532916666667       0.302332916666667      -0.276027728019125     
   3.00532916666667       0.602665833333333      -0.269715154933654     
   3.00532916666667       0.902998750000000      -0.259831004753018     
   3.00532916666667        1.20333166666667      -0.247793874320631     
   3.00532916666667        1.50366458333333      -0.234938375803876     
   3.00532916666667        1.80399750000000      -0.221804732425428     
   3.00532916666667        2.10433041666667      -0.208624754776824     
   3.00532916666667        2.40466333333333      -0.195548489892516     
   3.00532916666667        2.70499625000000      -0.182707847350548     
   3.00532916666667        3.00532916666667      -0.170252827295343     
   3.00532916666667        3.30566208333333      -0.158341105672788     
   3.00532916666667        3.60599500000000      -0.147097669202668     
   3.00532916666667        3.90632791666667      -0.136579900079821     
   3.00532916666667        4.20666083333333      -0.126775609096442     
   3.00532916666667        4.50699375000000      -0.117632032414913     
   3.00532916666667        4.80732666666667      -0.109094744864545     
   3.00532916666667        5.10765958333333      -0.101134453528794     
   3.00532916666667        5.40799250000000      -9.375013366572556E-002
   3.00532916666667        5.70832541666667      -8.694741166125379E-002
   3.00532916666667        6.00865833333333      -8.068757805341657E-002
   3.00532916666667        6.30899125000000      -7.477970857505108E-002
   3.00532916666667        6.60932416666667      -6.891774119097618E-002
   3.00532916666667        6.90965708333333      -6.307734664879402E-002
   3.00532916666667        7.20999000000000      -5.822795995475718E-002
   3.30566208333333       2.000000000000000E-003 -0.245467896218718     
   3.30566208333333       0.302332916666667      -0.244751761342861     
   3.30566208333333       0.602665833333333      -0.240114362835951     
   3.30566208333333       0.902998750000000      -0.232059832573401     
   3.30566208333333        1.20333166666667      -0.222284049995603     
   3.30566208333333        1.50366458333333      -0.211949592165994     
   3.30566208333333        1.80399750000000      -0.201428634506229     
   3.30566208333333        2.10433041666667      -0.190693484840570     
   3.30566208333333        2.40466333333333      -0.179832106020395     
   3.30566208333333        2.70499625000000      -0.168988600949034     
   3.30566208333333        3.00532916666667      -0.158341410798676     
   3.30566208333333        3.30566208333333      -0.148059459380652     
   3.30566208333333        3.60599500000000      -0.138257139775511     
   3.30566208333333        3.90632791666667      -0.128975716240359     
   3.30566208333333        4.20666083333333      -0.120203978727367     
   3.30566208333333        4.50699375000000      -0.111918513847793     
   3.30566208333333        4.80732666666667      -0.104115811571069     
   3.30566208333333        5.10765958333333      -9.681989152884321E-002
   3.30566208333333        5.40799250000000      -9.007087489674337E-002
   3.30566208333333        5.70832541666667      -8.391136657119093E-002
   3.30566208333333        6.00865833333333      -7.838377759673044E-002
   3.30566208333333        6.30899125000000      -7.335290707493750E-002
   3.30566208333333        6.60932416666667      -6.832317123741068E-002
   3.30566208333333        6.90965708333333      -6.280766469819407E-002
   3.30566208333333        7.20999000000000      -5.795980818224348E-002
   3.60599500000000       2.000000000000000E-003 -0.218661808952631     
   3.60599500000000       0.302332916666667      -0.215221682909278     
   3.60599500000000       0.602665833333333      -0.212126017284264     
   3.60599500000000       0.902998750000000      -0.206664706604383     
   3.60599500000000        1.20333166666667      -0.199477078627546     
   3.60599500000000        1.50366458333333      -0.191472226914838     
   3.60599500000000        1.80399750000000      -0.183062682032856     
   3.60599500000000        2.10433041666667      -0.174298909411533     
   3.60599500000000        2.40466333333333      -0.165280996959473     
   3.60599500000000        2.70499625000000      -0.156156557702150     
   3.60599500000000        3.00532916666667      -0.147098249883631     
   3.60599500000000        3.30566208333333      -0.138257381073362     
   3.60599500000000        3.60599500000000      -0.129726069061857     
   3.60599500000000        3.90632791666667      -0.121534747338197     
   3.60599500000000        4.20666083333333      -0.113684483649285     
   3.60599500000000        4.50699375000000      -0.106185438359399     
   3.60599500000000        4.80732666666667      -9.907556967464584E-002
   3.60599500000000        5.10765958333333      -9.241294282664224E-002
   3.60599500000000        5.40799250000000      -8.625872032834801E-002
   3.60599500000000        5.70832541666667      -8.067948783051247E-002
   3.60599500000000        6.00865833333333      -7.580086589842337E-002
   3.60599500000000        6.30899125000000      -7.155530931223475E-002
   3.60599500000000        6.60932416666667      -6.743976982453895E-002
   3.60599500000000        6.90965708333333      -6.269784862883053E-002
   3.60599500000000        7.20999000000000      -5.832271110407426E-002
   3.90632791666667       2.000000000000000E-003 -0.190211352992566     
   3.90632791666667       0.302332916666667      -0.188623918876999     
   3.90632791666667       0.602665833333333      -0.186825974962233     
   3.90632791666667       0.902998750000000      -0.183736579724798     
   3.90632791666667        1.20333166666667      -0.179010058709009     
   3.90632791666667        1.50366458333333      -0.173119735121974     
   3.90632791666667        1.80399750000000      -0.166493185182314     
   3.90632791666667        2.10433041666667      -0.159380010427983     
   3.90632791666667        2.40466333333333      -0.151924189956669     
   3.90632791666667        2.70499625000000      -0.144272834967098     
   3.90632791666667        3.00532916666667      -0.136580699802328     
   3.90632791666667        3.30566208333333      -0.128976144992867     
   3.90632791666667        3.60599500000000      -0.121534926309302     
   3.90632791666667        3.90632791666667      -0.114287646176081     
   3.90632791666667        4.20666083333333      -0.107253698390894     
   3.90632791666667        4.50699375000000      -0.100471476485423     
   3.90632791666667        4.80732666666667      -9.400374052294613E-002
   3.90632791666667        5.10765958333333      -8.792035880584904E-002
   3.90632791666667        5.40799250000000      -8.228038181254781E-002
   3.90632791666667        5.70832541666667      -7.714015085717731E-002
   3.90632791666667        6.00865833333333      -7.260910089604920E-002
   3.90632791666667        6.30899125000000      -6.863992267285381E-002
   3.90632791666667        6.60932416666667      -6.467090176984605E-002
   3.90632791666667        6.90965708333333      -5.980597968312397E-002
   3.90632791666667        7.20999000000000      -5.438903137134722E-002
   4.20666083333333       2.000000000000000E-003 -0.168051521490622     
   4.20666083333333       0.302332916666667      -0.167552224719734     
   4.20666083333333       0.602665833333333      -0.166543149797317     
   4.20666083333333       0.902998750000000      -0.164574831901468     
   4.20666083333333        1.20333166666667      -0.161362999774836     
   4.20666083333333        1.50366458333333      -0.156935983526713     
   4.20666083333333        1.80399750000000      -0.151708315953253     
   4.20666083333333        2.10433041666667      -0.145934855459773     
   4.20666083333333        2.40466333333333      -0.139764314940104     
   4.20666083333333        2.70499625000000      -0.133333138153671     
   4.20666083333333        3.00532916666667      -0.126776528250732     
   4.20666083333333        3.30566208333333      -0.120204532290825     
   4.20666083333333        3.60599500000000      -0.113684799056213     
   4.20666083333333        3.90632791666667      -0.107253846390654     
   4.20666083333333        4.20666083333333      -0.100946789124663     
   4.20666083333333        4.50699375000000      -9.481794515832843E-002
   4.20666083333333        4.80732666666667      -8.893679914807417E-002
   4.20666083333333        5.10765958333333      -8.336724910839258E-002
   4.20666083333333        5.40799250000000      -7.815143649261104E-002
   4.20666083333333        5.70832541666667      -7.331465321143225E-002
   4.20666083333333        6.00865833333333      -6.888396025850642E-002
   4.20666083333333        6.30899125000000      -6.480359002944516E-002
   4.20666083333333        6.60932416666667      -6.059688513196473E-002
   4.20666083333333        6.90965708333333      -5.578125990309641E-002
   4.20666083333333        7.20999000000000      -5.090429326995165E-002
   4.50699375000000       2.000000000000000E-003 -0.152267799622613     
   4.50699375000000       0.302332916666667      -0.151844931384581     
   4.50699375000000       0.602665833333333      -0.150807233653954     
   4.50699375000000       0.902998750000000      -0.149064855481900     
   4.50699375000000        1.20333166666667      -0.146411110777421     
   4.50699375000000        1.50366458333333      -0.142868722060253     
   4.50699375000000        1.80399750000000      -0.138644188274861     
   4.50699375000000        2.10433041666667      -0.133889994615147     
   4.50699375000000        2.40466333333333      -0.128724580692213     
   4.50699375000000        2.70499625000000      -0.123266468318930     
   4.50699375000000        3.00532916666667      -0.117632915091138     
   4.50699375000000        3.30566208333333      -0.111919091624891     
   4.50699375000000        3.60599500000000      -0.106185832064027     
   4.50699375000000        3.90632791666667      -0.100471746909021     
   4.50699375000000        4.20666083333333      -9.481809487770182E-002
   4.50699375000000        4.50699375000000      -8.928183051104169E-002
   4.50699375000000        4.80732666666667      -8.392674732513973E-002
   4.50699375000000        5.10765958333333      -7.880361016794439E-002
   4.50699375000000        5.40799250000000      -7.393753666131650E-002
   4.50699375000000        5.70832541666667      -6.933151273255277E-002
   4.50699375000000        6.00865833333333      -6.497070677341252E-002
   4.50699375000000        6.30899125000000      -6.078514107253204E-002
   4.50699375000000        6.60932416666667      -5.655478670836338E-002
   4.50699375000000        6.90965708333333      -5.215096014982054E-002
   4.50699375000000        7.20999000000000      -4.798135177209448E-002
   4.80732666666667       2.000000000000000E-003 -0.139183768610082     
   4.80732666666667       0.302332916666667      -0.138753083018427     
   4.80732666666667       0.602665833333333      -0.137641461967026     
   4.80732666666667       0.902998750000000      -0.135937776331994     
   4.80732666666667        1.20333166666667      -0.133589554288208     
   4.80732666666667        1.50366458333333      -0.130610892769317     
   4.80732666666667        1.80399750000000      -0.127073036746246     
   4.80732666666667        2.10433041666667      -0.123057550918511     
   4.80732666666667        2.40466333333333      -0.118654787754888     
   4.80732666666667        2.70499625000000      -0.113967256129327     
   4.80732666666667        3.00532916666667      -0.109095392510345     
   4.80732666666667        3.30566208333333      -0.104116268054445     
   4.80732666666667        3.60599500000000      -9.907594855772323E-002
   4.80732666666667        3.90632791666667      -9.400408830802699E-002
   4.80732666666667        4.20666083333333      -8.893709491407641E-002
   4.80732666666667        4.50699375000000      -8.392692963940607E-002
   4.80732666666667        4.80732666666667      -7.902974186018849E-002
   4.80732666666667        5.10765958333333      -7.428721189201537E-002
   4.80732666666667        5.40799250000000      -6.971707760555855E-002
   4.80732666666667        5.70832541666667      -6.531822821722240E-002
   4.80732666666667        6.00865833333333      -6.107861773206675E-002
   4.80732666666667        6.30899125000000      -5.696926870823273E-002
   4.80732666666667        6.60932416666667      -5.293633310017717E-002
   4.80732666666667        6.90965708333333      -4.897960102642718E-002
   4.80732666666667        7.20999000000000      -4.534148470014579E-002
   5.10765958333333       2.000000000000000E-003 -0.127233933213187     
   5.10765958333333       0.302332916666667      -0.126891034753567     
   5.10765958333333       0.602665833333333      -0.125935194694739     
   5.10765958333333       0.902998750000000      -0.124386515075984     
   5.10765958333333        1.20333166666667      -0.122306393261375     
   5.10765958333333        1.50366458333333      -0.119721029953862     
   5.10765958333333        1.80399750000000      -0.116664906940193     
   5.10765958333333        2.10433041666667      -0.113193874178928     
   5.10765958333333        2.40466333333333      -0.109387938250752     
   5.10765958333333        2.70499625000000      -0.105340611514926     
   5.10765958333333        3.00532916666667      -0.101134672537643     
   5.10765958333333        3.30566208333333      -9.682006772798013E-002
   5.10765958333333        3.60599500000000      -9.241319651009955E-002
   5.10765958333333        3.90632791666667      -8.792072593471641E-002
   5.10765958333333        4.20666083333333      -8.336767871690784E-002
   5.10765958333333        4.50699375000000      -7.880399858918788E-002
   5.10765958333333        4.80732666666667      -7.428744822506186E-002
   5.10765958333333        5.10765958333333      -6.986171154511646E-002
   5.10765958333333        5.40799250000000      -6.554711938733228E-002
   5.10765958333333        5.70832541666667      -6.134749475675413E-002
   5.10765958333333        6.00865833333333      -5.726324287110464E-002
   5.10765958333333        6.30899125000000      -5.330108084949792E-002
   5.10765958333333        6.60932416666667      -4.948681582905044E-002
   5.10765958333333        6.90965708333333      -4.590338605758168E-002
   5.10765958333333        7.20999000000000      -4.265325919021951E-002
   5.40799250000000       2.000000000000000E-003 -0.115892752358035     
   5.40799250000000       0.302332916666667      -0.115692359683979     
   5.40799250000000       0.602665833333333      -0.115021014156917     
   5.40799250000000       0.902998750000000      -0.113806192195242     
   5.40799250000000        1.20333166666667      -0.112042220750088     
   5.40799250000000        1.50366458333333      -0.109787126427198     
   5.40799250000000        1.80399750000000      -0.107118117437095     
   5.40799250000000        2.10433041666667      -0.104094070954630     
   5.40799250000000        2.40466333333333      -0.100800453967280     
   5.40799250000000        2.70499625000000      -9.733042762025806E-002
   5.40799250000000        3.00532916666667      -9.374979520877980E-002
   5.40799250000000        3.30566208333333      -9.007065183901040E-002
   5.40799250000000        3.60599500000000      -8.625876760024026E-002
   5.40799250000000        3.90632791666667      -8.228073428452272E-002
   5.40799250000000        4.20666083333333      -7.815200196847677E-002
   5.40799250000000        4.50699375000000      -7.393815264639632E-002
   5.40799250000000        4.80732666666667      -6.971758221871842E-002
   5.40799250000000        5.10765958333333      -6.554739739372038E-002
   5.40799250000000        5.40799250000000      -6.145348163933000E-002
   5.40799250000000        5.70832541666667      -5.744055197141820E-002
   5.40799250000000        6.00865833333333      -5.350935165913153E-002
   5.40799250000000        6.30899125000000      -4.968394779133695E-002
   5.40799250000000        6.60932416666667      -4.603632397813746E-002
   5.40799250000000        6.90965708333333      -4.266137823765809E-002
   5.40799250000000        7.20999000000000      -3.965713621055478E-002
   5.70832541666667       2.000000000000000E-003 -0.104611346188671     
   5.70832541666667       0.302332916666667      -0.104652483497957     
   5.70832541666667       0.602665833333333      -0.104491630669700     
   5.70832541666667       0.902998750000000      -0.103763808178920     
   5.70832541666667        1.20333166666667      -0.102406467483881     
   5.70832541666667        1.50366458333333      -0.100534400767469     
   5.70832541666667        1.80399750000000      -9.824997346554572E-002
   5.70832541666667        2.10433041666667      -9.564641454535938E-002
   5.70832541666667        2.40466333333333      -9.283059850202618E-002
   5.70832541666667        2.70499625000000      -8.990983789221263E-002
   5.70832541666667        3.00532916666667      -8.694647960115973E-002
   5.70832541666667        3.30566208333333      -8.391069547422160E-002
   5.70832541666667        3.60599500000000      -8.067932127314136E-002
   5.70832541666667        3.90632791666667      -7.714053424079734E-002
   5.70832541666667        4.20666083333333      -7.331541418933647E-002
   5.70832541666667        4.50699375000000      -6.933239411425486E-002
   5.70832541666667        4.80732666666667      -6.531901178473025E-002
   5.70832541666667        5.10765958333333      -6.134804524739414E-002
   5.70832541666667        5.40799250000000      -5.744081778826549E-002
   5.70832541666667        5.70832541666667      -5.358624320454587E-002
   5.70832541666667        6.00865833333333      -4.975945658921154E-002
   5.70832541666667        6.30899125000000      -4.599070861994241E-002
   5.70832541666667        6.60932416666667      -4.236316931082711E-002
   5.70832541666667        6.90965708333333      -3.902369826890677E-002
   5.70832541666667        7.20999000000000      -3.615580374427706E-002
   6.00865833333333       2.000000000000000E-003 -9.333423402122228E-002
   6.00865833333333       0.302332916666667      -9.384624398891929E-002
   6.00865833333333       0.602665833333333      -9.450855992448186E-002
   6.00865833333333       0.902998750000000      -9.435684592835528E-002
   6.00865833333333        1.20333166666667      -9.339498396837349E-002
   6.00865833333333        1.50366458333333      -9.189357571792006E-002
   6.00865833333333        1.80399750000000      -9.000236758554782E-002
   6.00865833333333        2.10433041666667      -8.781747110040486E-002
   6.00865833333333        2.40466333333333      -8.544508182222382E-002
   6.00865833333333        2.70499625000000      -8.303016207168890E-002
   6.00865833333333        3.00532916666667      -8.068605473239746E-002
   6.00865833333333        3.30566208333333      -7.838261946736177E-002
   6.00865833333333        3.60599500000000      -7.580057697112247E-002
   6.00865833333333        3.90632791666667      -7.260974301058144E-002
   6.00865833333333        4.20666083333333      -6.888511806974755E-002
   6.00865833333333        4.50699375000000      -6.497193454084334E-002
   6.00865833333333        4.80732666666667      -6.107966777240341E-002
   6.00865833333333        5.10765958333333      -5.726400986200103E-002
   6.00865833333333        5.40799250000000      -5.350981145844980E-002
   6.00865833333333        5.70832541666667      -4.975963240338631E-002
   6.00865833333333        6.00865833333333      -4.595273870630452E-002
   6.00865833333333        6.30899125000000      -4.208846532783594E-002
   6.00865833333333        6.60932416666667      -3.824429479677881E-002
   6.00865833333333        6.90965708333333      -3.465168291477532E-002
   6.00865833333333        7.20999000000000      -3.175376427510725E-002
   6.30899125000000       2.000000000000000E-003 -8.245910263891292E-002
   6.30899125000000       0.302332916666667      -8.392741493189065E-002
   6.30899125000000       0.602665833333333      -8.560976467058994E-002
   6.30899125000000       0.902998750000000      -8.575287522977790E-002
   6.30899125000000        1.20333166666667      -8.504199029225033E-002
   6.30899125000000        1.50366458333333      -8.391397198550582E-002
   6.30899125000000        1.80399750000000      -8.241341657664145E-002
   6.30899125000000        2.10433041666667      -8.060096504611594E-002
   6.30899125000000        2.40466333333333      -7.858872053176616E-002
   6.30899125000000        2.70499625000000      -7.653686694204648E-002
   6.30899125000000        3.00532916666667      -7.477756618266181E-002
   6.30899125000000        3.30566208333333      -7.335129226750055E-002
   6.30899125000000        3.60599500000000      -7.155515542619713E-002
   6.30899125000000        3.90632791666667      -6.864126489414966E-002
   6.30899125000000        4.20666083333333      -6.480553913230815E-002
   6.30899125000000        4.50699375000000      -6.078686126334288E-002
   6.30899125000000        4.80732666666667      -5.697052812181413E-002
   6.30899125000000        5.10765958333333      -5.330194923374217E-002
   6.30899125000000        5.40799250000000      -4.968446195562835E-002
   6.30899125000000        5.70832541666667      -4.599091925165538E-002
   6.30899125000000        6.00865833333333      -4.208849783597225E-002
   6.30899125000000        6.30899125000000      -3.792446472373186E-002
   6.30899125000000        6.60932416666667      -3.354392625734220E-002
   6.30899125000000        6.90965708333333      -2.923056531994640E-002
   6.30899125000000        7.20999000000000      -2.595410296734233E-002
   6.60932416666667       2.000000000000000E-003 -7.278038228943211E-002
   6.60932416666667       0.302332916666667      -7.606313479631072E-002
   6.60932416666667       0.602665833333333      -7.791963943336343E-002
   6.60932416666667       0.902998750000000      -7.758144011348320E-002
   6.60932416666667        1.20333166666667      -7.713888154008675E-002
   6.60932416666667        1.50366458333333      -7.654498301539948E-002
   6.60932416666667        1.80399750000000      -7.550457041213164E-002
   6.60932416666667        2.10433041666667      -7.399622424740150E-002
   6.60932416666667        2.40466333333333      -7.219113514476248E-002
   6.60932416666667        2.70499625000000      -7.025975603814311E-002
   6.60932416666667        3.00532916666667      -6.891526296398111E-002
   6.60932416666667        3.30566208333333      -6.832106396576314E-002
   6.60932416666667        3.60599500000000      -6.743961752302159E-002
   6.60932416666667        3.90632791666667      -6.467291820007889E-002
   6.60932416666667        4.20666083333333      -6.059946784777868E-002
   6.60932416666667        4.50699375000000      -5.655684908303344E-002
   6.60932416666667        4.80732666666667      -5.293762524217914E-002
   6.60932416666667        5.10765958333333      -4.948760125516751E-002
   6.60932416666667        5.40799250000000      -4.603673235974697E-002
   6.60932416666667        5.70832541666667      -4.236328729356195E-002
   6.60932416666667        6.00865833333333      -3.824425100612577E-002
   6.60932416666667        6.30899125000000      -3.354386843893095E-002
   6.60932416666667        6.60932416666667      -2.834983424687305E-002
   6.60932416666667        6.90965708333333      -2.299679683364381E-002
   6.60932416666667        7.20999000000000      -1.888890598450394E-002
   6.90965708333333       2.000000000000000E-003 -6.519287849097256E-002
   6.90965708333333       0.302332916666667      -6.926535703436945E-002
   6.90965708333333       0.602665833333333      -6.886667184413245E-002
   6.90965708333333       0.902998750000000      -6.888179268409020E-002
   6.90965708333333        1.20333166666667      -6.955764981670964E-002
   6.90965708333333        1.50366458333333      -6.980164944029459E-002
   6.90965708333333        1.80399750000000      -6.927650294230225E-002
   6.90965708333333        2.10433041666667      -6.805141950562854E-002
   6.90965708333333        2.40466333333333      -6.630981338556427E-002
   6.90965708333333        2.70499625000000      -6.441240082145436E-002
   6.90965708333333        3.00532916666667      -6.307549711787679E-002
   6.90965708333333        3.30566208333333      -6.280561422988369E-002
   6.90965708333333        3.60599500000000      -6.269756290479757E-002
   6.90965708333333        3.90632791666667      -5.980802156876101E-002
   6.90965708333333        4.20666083333333      -5.578350057335352E-002
   6.90965708333333        4.50699375000000      -5.215253927516879E-002
   6.90965708333333        4.80732666666667      -4.898052487728092E-002
   6.90965708333333        5.10765958333333      -4.590385834171343E-002
   6.90965708333333        5.40799250000000      -4.266155731757798E-002
   6.90965708333333        5.70832541666667      -3.902366047435677E-002
   6.90965708333333        6.00865833333333      -3.465153829063616E-002
   6.90965708333333        6.30899125000000      -2.923047539188818E-002
   6.90965708333333        6.60932416666667      -2.299686676424982E-002
   6.90965708333333        6.90965708333333      -1.759246311044659E-002
   6.90965708333333        7.20999000000000      -1.387973484347947E-002
   7.20999000000000       2.000000000000000E-003 -6.072993620747461E-002
   7.20999000000000       0.302332916666667      -5.801406163388173E-002
   7.20999000000000       0.602665833333333      -5.835729915230672E-002
   7.20999000000000       0.902998750000000      -6.103619335078177E-002
   7.20999000000000        1.20333166666667      -6.308075643182157E-002
   7.20999000000000        1.50366458333333      -6.395930374055954E-002
   7.20999000000000        1.80399750000000      -6.379197811795420E-002
   7.20999000000000        2.10433041666667      -6.280594703304353E-002
   7.20999000000000        2.40466333333333      -6.124166158546597E-002
   7.20999000000000        2.70499625000000      -5.951661440162714E-002
   7.20999000000000        3.00532916666667      -5.822829533903719E-002
   7.20999000000000        3.30566208333333      -5.795991141322219E-002
   7.20999000000000        3.60599500000000      -5.832246543316723E-002
   7.20999000000000        3.90632791666667      -5.438925673241701E-002
   7.20999000000000        4.20666083333333      -5.090468331292215E-002
   7.20999000000000        4.50699375000000      -4.798162250385289E-002
   7.20999000000000        4.80732666666667      -4.534159468834773E-002
   7.20999000000000        5.10765958333333      -4.265326626114174E-002
   7.20999000000000        5.40799250000000      -3.965704665257723E-002
   7.20999000000000        5.70832541666667      -3.615562947360572E-002
   7.20999000000000        6.00865833333333      -3.175356979864524E-002
   7.20999000000000        6.30899125000000      -2.595404022747136E-002
   7.20999000000000        6.60932416666667      -1.888913950622583E-002
   7.20999000000000        6.90965708333333      -1.387995179919860E-002
   7.20999000000000        7.20999000000000      -1.175575197779831E-002
