  2.000000000000000E-003  2.000000000000000E-003 -0.338275930997395     
  2.000000000000000E-003  0.302332916666667      -0.355315262193284     
  2.000000000000000E-003  0.602665833333333      -0.361004856461687     
  2.000000000000000E-003  0.902998750000000      -0.355044866096571     
  2.000000000000000E-003   1.20333166666667      -0.348736741251960     
  2.000000000000000E-003   1.50366458333333      -0.342478398706951     
  2.000000000000000E-003   1.80399750000000      -0.335167656311016     
  2.000000000000000E-003   2.10433041666667      -0.326817638688529     
  2.000000000000000E-003   2.40466333333333      -0.318417292588804     
  2.000000000000000E-003   2.70499625000000      -0.309244378585841     
  2.000000000000000E-003   3.00532916666667      -0.298438680778807     
  2.000000000000000E-003   3.30566208333333      -0.287230680952778     
  2.000000000000000E-003   3.60599500000000      -0.269818063400137     
  2.000000000000000E-003   3.90632791666667      -0.254327555826053     
  2.000000000000000E-003   4.20666083333333      -0.233282816088348     
  2.000000000000000E-003   4.50699375000000      -0.205051614477607     
  2.000000000000000E-003   4.80732666666667      -0.178726550501265     
  2.000000000000000E-003   5.10765958333333      -0.157692327464077     
  2.000000000000000E-003   5.40799250000000      -0.142684817245124     
  2.000000000000000E-003   5.70832541666667      -0.132846321020201     
  2.000000000000000E-003   6.00865833333333      -0.127615447866639     
  2.000000000000000E-003   6.30899125000000      -0.126273829613573     
  2.000000000000000E-003   6.60932416666667      -0.126369960654670     
  2.000000000000000E-003   6.90965708333333      -0.119319887889219     
  2.000000000000000E-003   7.20999000000000      -0.107144958821433     
  0.302332916666667       2.000000000000000E-003 -0.355307047720825     
  0.302332916666667       0.302332916666667      -0.336388082196549     
  0.302332916666667       0.602665833333333      -0.358472704564015     
  0.302332916666667       0.902998750000000      -0.378302687024998     
  0.302332916666667        1.20333166666667      -0.384391532534897     
  0.302332916666667        1.50366458333333      -0.382396200535707     
  0.302332916666667        1.80399750000000      -0.375550971681153     
  0.302332916666667        2.10433041666667      -0.365259532738216     
  0.302332916666667        2.40466333333333      -0.354045822396063     
  0.302332916666667        2.70499625000000      -0.340849277860068     
  0.302332916666667        3.00532916666667      -0.321352084297376     
  0.302332916666667        3.30566208333333      -0.298537269809888     
  0.302332916666667        3.60599500000000      -0.279278610184829     
  0.302332916666667        3.90632791666667      -0.262775070964207     
  0.302332916666667        4.20666083333333      -0.240254120967937     
  0.302332916666667        4.50699375000000      -0.212640849101544     
  0.302332916666667        4.80732666666667      -0.186580787111671     
  0.302332916666667        5.10765958333333      -0.165314669495311     
  0.302332916666667        5.40799250000000      -0.149404510471981     
  0.302332916666667        5.70832541666667      -0.138196615028073     
  0.302332916666667        6.00865833333333      -0.130930969418974     
  0.302332916666667        6.30899125000000      -0.126415365358520     
  0.302332916666667        6.60932416666667      -0.121779973416929     
  0.302332916666667        6.90965708333333      -0.113924705394359     
  0.302332916666667        7.20999000000000      -0.108199813823467     
  0.602665833333333       2.000000000000000E-003 -0.360993275802672     
  0.602665833333333       0.302332916666667      -0.358466848371592     
  0.602665833333333       0.602665833333333      -0.375038094810874     
  0.602665833333333       0.902998750000000      -0.401561115763133     
  0.602665833333333        1.20333166666667      -0.416456190192506     
  0.602665833333333        1.50366458333333      -0.419393053087096     
  0.602665833333333        1.80399750000000      -0.413709860959628     
  0.602665833333333        2.10433041666667      -0.401973931030344     
  0.602665833333333        2.40466333333333      -0.387488558563894     
  0.602665833333333        2.70499625000000      -0.371694196937198     
  0.602665833333333        3.00532916666667      -0.346914271347854     
  0.602665833333333        3.30566208333333      -0.315946073102924     
  0.602665833333333        3.60599500000000      -0.287066663045640     
  0.602665833333333        3.90632791666667      -0.263501764969072     
  0.602665833333333        4.20666083333333      -0.239706111632651     
  0.602665833333333        4.50699375000000      -0.214404285141583     
  0.602665833333333        4.80732666666667      -0.190789757308704     
  0.602665833333333        5.10765958333333      -0.170770774786062     
  0.602665833333333        5.40799250000000      -0.154696566485646     
  0.602665833333333        5.70832541666667      -0.142400165182297     
  0.602665833333333        6.00865833333333      -0.133137763105015     
  0.602665833333333        6.30899125000000      -0.125740015852253     
  0.602665833333333        6.60932416666667      -0.118817251948156     
  0.602665833333333        6.90965708333333      -0.112589841535093     
  0.602665833333333        7.20999000000000      -0.106246552778880     
  0.902998750000000       2.000000000000000E-003 -0.355037197462082     
  0.902998750000000       0.302332916666667      -0.378297979943966     
  0.902998750000000       0.602665833333333      -0.401559632059242     
  0.902998750000000       0.902998750000000      -0.426946114902293     
  0.902998750000000        1.20333166666667      -0.444352205302826     
  0.902998750000000        1.50366458333333      -0.450245418711917     
  0.902998750000000        1.80399750000000      -0.445592877453757     
  0.902998750000000        2.10433041666667      -0.432445393099898     
  0.902998750000000        2.40466333333333      -0.416742751025340     
  0.902998750000000        2.70499625000000      -0.397365801477423     
  0.902998750000000        3.00532916666667      -0.370477561585618     
  0.902998750000000        3.30566208333333      -0.336093201979093     
  0.902998750000000        3.60599500000000      -0.300745046970974     
  0.902998750000000        3.90632791666667      -0.269181838341742     
  0.902998750000000        4.20666083333333      -0.241219951607335     
  0.902998750000000        4.50699375000000      -0.215981077176847     
  0.902998750000000        4.80732666666667      -0.193871439252138     
  0.902998750000000        5.10765958333333      -0.174845863498721     
  0.902998750000000        5.40799250000000      -0.158794408793021     
  0.902998750000000        5.70832541666667      -0.145825972197470     
  0.902998750000000        6.00865833333333      -0.135327948910099     
  0.902998750000000        6.30899125000000      -0.126558322014348     
  0.902998750000000        6.60932416666667      -0.118952723635756     
  0.902998750000000        6.90965708333333      -0.112100130102108     
  0.902998750000000        7.20999000000000      -0.104368185248976     
   1.20333166666667       2.000000000000000E-003 -0.348729761452210     
   1.20333166666667       0.302332916666667      -0.384387325691851     
   1.20333166666667       0.602665833333333      -0.416454477788506     
   1.20333166666667       0.902998750000000      -0.444351812757944     
   1.20333166666667        1.20333166666667      -0.463496532703102     
   1.20333166666667        1.50366458333333      -0.471120618109063     
   1.20333166666667        1.80399750000000      -0.466865743121135     
   1.20333166666667        2.10433041666667      -0.454846204370418     
   1.20333166666667        2.40466333333333      -0.439113977486914     
   1.20333166666667        2.70499625000000      -0.416207649312297     
   1.20333166666667        3.00532916666667      -0.385744438032822     
   1.20333166666667        3.30566208333333      -0.349721433396040     
   1.20333166666667        3.60599500000000      -0.311695434356522     
   1.20333166666667        3.90632791666667      -0.276049711584554     
   1.20333166666667        4.20666083333333      -0.245020461206348     
   1.20333166666667        4.50699375000000      -0.218816850684273     
   1.20333166666667        4.80732666666667      -0.196722867596733     
   1.20333166666667        5.10765958333333      -0.177947783502127     
   1.20333166666667        5.40799250000000      -0.161932904769766     
   1.20333166666667        5.70832541666667      -0.148528802624134     
   1.20333166666667        6.00865833333333      -0.137273154291500     
   1.20333166666667        6.30899125000000      -0.127617330535559     
   1.20333166666667        6.60932416666667      -0.119097941012708     
   1.20333166666667        6.90965708333333      -0.111097611698713     
   1.20333166666667        7.20999000000000      -0.102683711054186     
   1.50366458333333       2.000000000000000E-003 -0.342470335961874     
   1.50366458333333       0.302332916666667      -0.382391316718608     
   1.50366458333333       0.602665833333333      -0.419390799091071     
   1.50366458333333       0.902998750000000      -0.450244473849199     
   1.50366458333333        1.20333166666667      -0.471119953712033     
   1.50366458333333        1.50366458333333      -0.479399153009698     
   1.50366458333333        1.80399750000000      -0.476317382586550     
   1.50366458333333        2.10433041666667      -0.467739053969924     
   1.50366458333333        2.40466333333333      -0.451654689371571     
   1.50366458333333        2.70499625000000      -0.426536060229501     
   1.50366458333333        3.00532916666667      -0.393501007554119     
   1.50366458333333        3.30566208333333      -0.355615070418047     
   1.50366458333333        3.60599500000000      -0.316743602897405     
   1.50366458333333        3.90632791666667      -0.280344272300792     
   1.50366458333333        4.20666083333333      -0.248467954379845     
   1.50366458333333        4.50699375000000      -0.221568869037788     
   1.50366458333333        4.80732666666667      -0.199103651767050     
   1.50366458333333        5.10765958333333      -0.180215814720297     
   1.50366458333333        5.40799250000000      -0.164159242848890     
   1.50366458333333        5.70832541666667      -0.150438390679852     
   1.50366458333333        6.00865833333333      -0.138624684039900     
   1.50366458333333        6.30899125000000      -0.128213695833223     
   1.50366458333333        6.60932416666667      -0.118794512707174     
   1.50366458333333        6.90965708333333      -0.109935950912190     
   1.50366458333333        7.20999000000000      -0.101223612482651     
   1.80399750000000       2.000000000000000E-003 -0.335159793902090     
   1.80399750000000       0.302332916666667      -0.375545977801714     
   1.80399750000000       0.602665833333333      -0.413706914313456     
   1.80399750000000       0.902998750000000      -0.445590457584462     
   1.80399750000000        1.20333166666667      -0.466862814361540     
   1.80399750000000        1.50366458333333      -0.476314599207592     
   1.80399750000000        1.80399750000000      -0.477562058962037     
   1.80399750000000        2.10433041666667      -0.469954209487062     
   1.80399750000000        2.40466333333333      -0.452522492009777     
   1.80399750000000        2.70499625000000      -0.425822894492206     
   1.80399750000000        3.00532916666667      -0.392078681913505     
   1.80399750000000        3.30566208333333      -0.354556778383207     
   1.80399750000000        3.60599500000000      -0.316675673782991     
   1.80399750000000        3.90632791666667      -0.281208028647739     
   1.80399750000000        4.20666083333333      -0.249807543304686     
   1.80399750000000        4.50699375000000      -0.222989814381287     
   1.80399750000000        4.80732666666667      -0.200461148686827     
   1.80399750000000        5.10765958333333      -0.181533751120360     
   1.80399750000000        5.40799250000000      -0.165448981193720     
   1.80399750000000        5.70832541666667      -0.151551553430470     
   1.80399750000000        6.00865833333333      -0.139321269458196     
   1.80399750000000        6.30899125000000      -0.128323158968423     
   1.80399750000000        6.60932416666667      -0.118241325723593     
   1.80399750000000        6.90965708333333      -0.108859823522792     
   1.80399750000000        7.20999000000000      -0.100024358188423     
   2.10433041666667       2.000000000000000E-003 -0.326813071084033     
   2.10433041666667       0.302332916666667      -0.365256379223414     
   2.10433041666667       0.602665833333333      -0.401970759600650     
   2.10433041666667       0.902998750000000      -0.432440500836748     
   2.10433041666667        1.20333166666667      -0.454838818946816     
   2.10433041666667        1.50366458333333      -0.467730447060633     
   2.10433041666667        1.80399750000000      -0.469947746566068     
   2.10433041666667        2.10433041666667      -0.461032484717200     
   2.10433041666667        2.40466333333333      -0.441763260730606     
   2.10433041666667        2.70499625000000      -0.414209204016299     
   2.10433041666667        3.00532916666667      -0.381250439334516     
   2.10433041666667        3.30566208333333      -0.345899914769918     
   2.10433041666667        3.60599500000000      -0.310772165804393     
   2.10433041666667        3.90632791666667      -0.277798843303659     
   2.10433041666667        4.20666083333333      -0.248154055130996     
   2.10433041666667        4.50699375000000      -0.222340915334531     
   2.10433041666667        4.80732666666667      -0.200329419258310     
   2.10433041666667        5.10765958333333      -0.181693576684486     
   2.10433041666667        5.40799250000000      -0.165777048296868     
   2.10433041666667        5.70832541666667      -0.151883351260320     
   2.10433041666667        6.00865833333333      -0.139438653185161     
   2.10433041666667        6.30899125000000      -0.128069980520590     
   2.10433041666667        6.60932416666667      -0.117591180923205     
   2.10433041666667        6.90965708333333      -0.107953022149500     
   2.10433041666667        7.20999000000000      -9.910765453479656E-002
   2.40466333333333       2.000000000000000E-003 -0.318419825873211     
   2.40466333333333       0.302332916666667      -0.354047119520471     
   2.40466333333333       0.602665833333333      -0.387486338787070     
   2.40466333333333       0.902998750000000      -0.416734999287680     
   2.40466333333333        1.20333166666667      -0.439100452082431     
   2.40466333333333        1.50366458333333      -0.451637724868236     
   2.40466333333333        1.80399750000000      -0.452506542620826     
   2.40466333333333        2.10433041666667      -0.441753425051116     
   2.40466333333333        2.40466333333333      -0.421263117732545     
   2.40466333333333        2.70499625000000      -0.394032149306542     
   2.40466333333333        3.00532916666667      -0.363190553659462     
   2.40466333333333        3.30566208333333      -0.331272329185107     
   2.40466333333333        3.60599500000000      -0.300013385732333     
   2.40466333333333        3.90632791666667      -0.270517981486606     
   2.40466333333333        4.20666083333333      -0.243496079402253     
   2.40466333333333        4.50699375000000      -0.219418317041383     
   2.40466333333333        4.80732666666667      -0.198488571914869     
   2.40466333333333        5.10765958333333      -0.180540105181568     
   2.40466333333333        5.40799250000000      -0.165059085439684     
   2.40466333333333        5.70832541666667      -0.151379745659910     
   2.40466333333333        6.00865833333333      -0.138941167971278     
   2.40466333333333        6.30899125000000      -0.127444638758492     
   2.40466333333333        6.60932416666667      -0.116830655557763     
   2.40466333333333        6.90965708333333      -0.107147535945544     
   2.40466333333333        7.20999000000000      -9.843294783475563E-002
   2.70499625000000       2.000000000000000E-003 -0.309256880985497     
   2.70499625000000       0.302332916666667      -0.340858051425613     
   2.70499625000000       0.602665833333333      -0.371695483499719     
   2.70499625000000       0.902998750000000      -0.397356384978461     
   2.70499625000000        1.20333166666667      -0.416187849149929     
   2.70499625000000        1.50366458333333      -0.426510074785440     
   2.70499625000000        1.80399750000000      -0.425796704527642     
   2.70499625000000        2.10433041666667      -0.414188801995212     
   2.70499625000000        2.40466333333333      -0.394021582491157     
   2.70499625000000        2.70499625000000      -0.368610331060437     
   2.70499625000000        3.00532916666667      -0.340988700537493     
   2.70499625000000        3.30566208333333      -0.313170713777851     
   2.70499625000000        3.60599500000000      -0.286160764226908     
   2.70499625000000        3.90632791666667      -0.260427501931362     
   2.70499625000000        4.20666083333333      -0.236355192999251     
   2.70499625000000        4.50699375000000      -0.214406605285336     
   2.70499625000000        4.80732666666667      -0.194954956911000     
   2.70499625000000        5.10765958333333      -0.178023249322286     
   2.70499625000000        5.40799250000000      -0.163222271109828     
   2.70499625000000        5.70832541666667      -0.149952818739782     
   2.70499625000000        6.00865833333333      -0.137721306083256     
   2.70499625000000        6.30899125000000      -0.126327257824104     
   2.70499625000000        6.60932416666667      -0.115801925270035     
   2.70499625000000        6.90965708333333      -0.106338100081824     
   2.70499625000000        7.20999000000000      -9.799454970589842E-002
   3.00532916666667       2.000000000000000E-003 -0.298460215231839     
   3.00532916666667       0.302332916666667      -0.321369201494328     
   3.00532916666667       0.602665833333333      -0.346921150201171     
   3.00532916666667       0.902998750000000      -0.370468761599609     
   3.00532916666667        1.20333166666667      -0.385719933953747     
   3.00532916666667        1.50366458333333      -0.393467654187640     
   3.00532916666667        1.80399750000000      -0.392044355630599     
   3.00532916666667        2.10433041666667      -0.381221898544797     
   3.00532916666667        2.40466333333333      -0.363171971042208     
   3.00532916666667        2.70499625000000      -0.340980690090022     
   3.00532916666667        3.00532916666667      -0.317322355769821     
   3.00532916666667        3.30566208333333      -0.293757958318199     
   3.00532916666667        3.60599500000000      -0.270814452488701     
   3.00532916666667        3.90632791666667      -0.248602289341891     
   3.00532916666667        4.20666083333333      -0.227380917744294     
   3.00532916666667        4.50699375000000      -0.207652999434771     
   3.00532916666667        4.80732666666667      -0.189881083453062     
   3.00532916666667        5.10765958333333      -0.174177282043716     
   3.00532916666667        5.40799250000000      -0.160230054535248     
   3.00532916666667        5.70832541666667      -0.147522965510768     
   3.00532916666667        6.00865833333333      -0.135678381010397     
   3.00532916666667        6.30899125000000      -0.124608922723440     
   3.00532916666667        6.60932416666667      -0.114400292209715     
   3.00532916666667        6.90965708333333      -0.105408285820641     
   3.00532916666667        7.20999000000000      -9.770331860449366E-002
   3.30566208333333       2.000000000000000E-003 -0.287249692911038     
   3.30566208333333       0.302332916666667      -0.298556077429511     
   3.30566208333333       0.602665833333333      -0.315954568315778     
   3.30566208333333       0.902998750000000      -0.336083328040690     
   3.30566208333333        1.20333166666667      -0.349693781488322     
   3.30566208333333        1.50366458333333      -0.355577492746463     
   3.30566208333333        1.80399750000000      -0.354518502472153     
   3.30566208333333        2.10433041666667      -0.345867854576384     
   3.30566208333333        2.40466333333333      -0.331250352631790     
   3.30566208333333        2.70499625000000      -0.313159092871210     
   3.30566208333333        3.00532916666667      -0.293754059967953     
   3.30566208333333        3.30566208333333      -0.274234608069720     
   3.30566208333333        3.60599500000000      -0.254893824481121     
   3.30566208333333        3.90632791666667      -0.235740022151164     
   3.30566208333333        4.20666083333333      -0.217085497495086     
   3.30566208333333        4.50699375000000      -0.199504346587847     
   3.30566208333333        4.80732666666667      -0.183470845224482     
   3.30566208333333        5.10765958333333      -0.169092864259010     
   3.30566208333333        5.40799250000000      -0.156090381825557     
   3.30566208333333        5.70832541666667      -0.144039975169739     
   3.30566208333333        6.00865833333333      -0.132715093950401     
   3.30566208333333        6.30899125000000      -0.122110658897137     
   3.30566208333333        6.60932416666667      -0.112367294841646     
   3.30566208333333        6.90965708333333      -0.104059763099173     
   3.30566208333333        7.20999000000000      -9.710196265706816E-002
   3.60599500000000       2.000000000000000E-003 -0.269823797472056     
   3.60599500000000       0.302332916666667      -0.279286491183139     
   3.60599500000000       0.602665833333333      -0.287065128061699     
   3.60599500000000       0.902998750000000      -0.300728177563100     
   3.60599500000000        1.20333166666667      -0.311664326737056     
   3.60599500000000        1.50366458333333      -0.316705198690003     
   3.60599500000000        1.80399750000000      -0.316638135817915     
   3.60599500000000        2.10433041666667      -0.310741541818538     
   3.60599500000000        2.40466333333333      -0.299992713980344     
   3.60599500000000        2.70499625000000      -0.286149751671476     
   3.60599500000000        3.00532916666667      -0.270810352406277     
   3.60599500000000        3.30566208333333      -0.254893119426800     
   3.60599500000000        3.60599500000000      -0.238641388947508     
   3.60599500000000        3.90632791666667      -0.222138242512487     
   3.60599500000000        4.20666083333333      -0.205814917023577     
   3.60599500000000        4.50699375000000      -0.190284488348113     
   3.60599500000000        4.80732666666667      -0.175969462490059     
   3.60599500000000        5.10765958333333      -0.162922439302000     
   3.60599500000000        5.40799250000000      -0.150878714428181     
   3.60599500000000        5.70832541666667      -0.139519633802118     
   3.60599500000000        6.00865833333333      -0.128772538998811     
   3.60599500000000        6.30899125000000      -0.118714025150423     
   3.60599500000000        6.60932416666667      -0.109565572413471     
   3.60599500000000        6.90965708333333      -0.102092116290861     
   3.60599500000000        7.20999000000000      -9.620786366164648E-002
   3.90632791666667       2.000000000000000E-003 -0.254320941137602     
   3.90632791666667       0.302332916666667      -0.262761994547218     
   3.90632791666667       0.602665833333333      -0.263482633272079     
   3.90632791666667       0.902998750000000      -0.269155001685108     
   3.90632791666667        1.20333166666667      -0.276016052568381     
   3.90632791666667        1.50366458333333      -0.280308207711234     
   3.90632791666667        1.80399750000000      -0.281174966798232     
   3.90632791666667        2.10433041666667      -0.277773228380834     
   3.90632791666667        2.40466333333333      -0.270501689709393     
   3.90632791666667        2.70499625000000      -0.260419592390933     
   3.90632791666667        3.00532916666667      -0.248599953760300     
   3.90632791666667        3.30566208333333      -0.235740129818658     
   3.90632791666667        3.60599500000000      -0.222138647949808     
   3.90632791666667        3.90632791666667      -0.208035441497817     
   3.90632791666667        4.20666083333333      -0.193918989590421     
   3.90632791666667        4.50699375000000      -0.180354637605816     
   3.90632791666667        4.80732666666667      -0.167678697203026     
   3.90632791666667        5.10765958333333      -0.155890703326477     
   3.90632791666667        5.40799250000000      -0.144762183193831     
   3.90632791666667        5.70832541666667      -0.134091841563117     
   3.90632791666667        6.00865833333333      -0.123936470759680     
   3.90632791666667        6.30899125000000      -0.114486442480348     
   3.90632791666667        6.60932416666667      -0.106004797833255     
   3.90632791666667        6.90965708333333      -9.896360152506253E-002
   3.90632791666667        7.20999000000000      -9.283650836231573E-002
   4.20666083333333       2.000000000000000E-003 -0.233263626569633     
   4.20666083333333       0.302332916666667      -0.240229080441887     
   4.20666083333333       0.602665833333333      -0.239677344023126     
   4.20666083333333       0.902998750000000      -0.241188680427430     
   4.20666083333333        1.20333166666667      -0.244988357962833     
   4.20666083333333        1.50366458333333      -0.248436900364134     
   4.20666083333333        1.80399750000000      -0.249780969918322     
   4.20666083333333        2.10433041666667      -0.248134841312472     
   4.20666083333333        2.40466333333333      -0.243484982378109     
   4.20666083333333        2.70499625000000      -0.236350757565085     
   4.20666083333333        3.00532916666667      -0.227380437031530     
   4.20666083333333        3.30566208333333      -0.217086348738423     
   4.20666083333333        3.60599500000000      -0.205815543058998     
   4.20666083333333        3.90632791666667      -0.193919085845334     
   4.20666083333333        4.20666083333333      -0.181867242000849     
   4.20666083333333        4.50699375000000      -0.170121078114721     
   4.20666083333333        4.80732666666667      -0.158929062565249     
   4.20666083333333        5.10765958333333      -0.148272089294349     
   4.20666083333333        5.40799250000000      -0.137992545020434     
   4.20666083333333        5.70832541666667      -0.128011913853065     
   4.20666083333333        6.00865833333333      -0.118476804629665     
   4.20666083333333        6.30899125000000      -0.109665201216328     
   4.20666083333333        6.60932416666667      -0.101810027125128     
   4.20666083333333        6.90965708333333      -9.513890892521143E-002
   4.20666083333333        7.20999000000000      -8.923545170849183E-002
   4.50699375000000       2.000000000000000E-003 -0.205032897116188     
   4.50699375000000       0.302332916666667      -0.212618017579170     
   4.50699375000000       0.602665833333333      -0.214378175632621     
   4.50699375000000       0.902998750000000      -0.215953987019312     
   4.50699375000000        1.20333166666667      -0.218790150872535     
   4.50699375000000        1.50366458333333      -0.221544307104492     
   4.50699375000000        1.80399750000000      -0.222970004035103     
   4.50699375000000        2.10433041666667      -0.222327617981721     
   4.50699375000000        2.40466333333333      -0.219411504722810     
   4.50699375000000        2.70499625000000      -0.214404609992206     
   4.50699375000000        3.00532916666667      -0.207653433791738     
   4.50699375000000        3.30566208333333      -0.199505188998594     
   4.50699375000000        3.60599500000000      -0.190284749087566     
   4.50699375000000        3.90632791666667      -0.180354338363203     
   4.50699375000000        4.20666083333333      -0.170120724898071     
   4.50699375000000        4.50699375000000      -0.159942987679297     
   4.50699375000000        4.80732666666667      -0.150013761932604     
   4.50699375000000        5.10765958333333      -0.140339826155961     
   4.50699375000000        5.40799250000000      -0.130859178631912     
   4.50699375000000        5.70832541666667      -0.121602664045928     
   4.50699375000000        6.00865833333333      -0.112766506549923     
   4.50699375000000        6.30899125000000      -0.104616564116482     
   4.50699375000000        6.60932416666667      -9.731147911707889E-002
   4.50699375000000        6.90965708333333      -9.089283523964399E-002
   4.50699375000000        7.20999000000000      -8.504116164304060E-002
   4.80732666666667       2.000000000000000E-003 -0.178714179552233     
   4.80732666666667       0.302332916666667      -0.186566006937608     
   4.80732666666667       0.602665833333333      -0.190772048103897     
   4.80732666666667       0.902998750000000      -0.193851810320173     
   4.80732666666667        1.20333166666667      -0.196702959622297     
   4.80732666666667        1.50366458333333      -0.199085692718295     
   4.80732666666667        1.80399750000000      -0.200447259456928     
   4.80732666666667        2.10433041666667      -0.200320677407977     
   4.80732666666667        2.40466333333333      -0.198484583838329     
   4.80732666666667        2.70499625000000      -0.194954172358919     
   4.80732666666667        3.00532916666667      -0.189881602947764     
   4.80732666666667        3.30566208333333      -0.183471239153645     
   4.80732666666667        3.60599500000000      -0.175969181727132     
   4.80732666666667        3.90632791666667      -0.167677942845933     
   4.80732666666667        4.20666083333333      -0.158928320803466     
   4.80732666666667        4.50699375000000      -0.150013371442505     
   4.80732666666667        4.80732666666667      -0.141117768792555     
   4.80732666666667        5.10765958333333      -0.132309970681394     
   4.80732666666667        5.40799250000000      -0.123624355808863     
   4.80732666666667        5.70832541666667      -0.115162605790828     
   4.80732666666667        6.00865833333333      -0.107118878266052     
   4.80732666666667        6.30899125000000      -9.969419995748359E-002
   4.80732666666667        6.60932416666667      -9.296605796734024E-002
   4.80732666666667        6.90965708333333      -8.684107004459002E-002
   4.80732666666667        7.20999000000000      -8.112854632265680E-002
   5.10765958333333       2.000000000000000E-003 -0.157687119607265     
   5.10765958333333       0.302332916666667      -0.165307845342214     
   5.10765958333333       0.602665833333333      -0.170761045044554     
   5.10765958333333       0.902998750000000      -0.174833521997173     
   5.10765958333333        1.20333166666667      -0.177934526168734     
   5.10765958333333        1.50366458333333      -0.180203767269554     
   5.10765958333333        1.80399750000000      -0.181524645134867     
   5.10765958333333        2.10433041666667      -0.181688150469586     
   5.10765958333333        2.40466333333333      -0.180537951000592     
   5.10765958333333        2.70499625000000      -0.178023157000967     
   5.10765958333333        3.00532916666667      -0.174177866982200     
   5.10765958333333        3.30566208333333      -0.169093143147635     
   5.10765958333333        3.60599500000000      -0.162922086529453     
   5.10765958333333        3.90632791666667      -0.155889925594451     
   5.10765958333333        4.20666083333333      -0.148271279049178     
   5.10765958333333        4.50699375000000      -0.140339258264323     
   5.10765958333333        4.80732666666667      -0.132309711363556     
   5.10765958333333        5.10765958333333      -0.124322732041350     
   5.10765958333333        5.40799250000000      -0.116480690257400     
   5.10765958333333        5.70832541666667      -0.108900041045588     
   5.10765958333333        6.00865833333333      -0.101717640188587     
   5.10765958333333        6.30899125000000      -9.503801774450635E-002
   5.10765958333333        6.60932416666667      -8.887421180217700E-002
   5.10765958333333        6.90965708333333      -8.316446711060281E-002
   5.10765958333333        7.20999000000000      -7.773976872034331E-002
   5.40799250000000       2.000000000000000E-003 -0.142684783608689     
   5.40799250000000       0.302332916666667      -0.149403363796776     
   5.40799250000000       0.602665833333333      -0.154692957816045     
   5.40799250000000       0.902998750000000      -0.158788368180926     
   5.40799250000000        1.20333166666667      -0.161925524509667     
   5.40799250000000        1.50366458333333      -0.164152172912944     
   5.40799250000000        1.80399750000000      -0.165443724365504     
   5.40799250000000        2.10433041666667      -0.165774273627361     
   5.40799250000000        2.40466333333333      -0.165058585434418     
   5.40799250000000        2.70499625000000      -0.163223230279801     
   5.40799250000000        3.00532916666667      -0.160231464819741     
   5.40799250000000        3.30566208333333      -0.156091435787815     
   5.40799250000000        3.60599500000000      -0.150879048513977     
   5.40799250000000        3.90632791666667      -0.144761886308190     
   5.40799250000000        4.20666083333333      -0.137991942819574     
   5.40799250000000        4.50699375000000      -0.130858574060150     
   5.40799250000000        4.80732666666667      -0.123623916531596     
   5.40799250000000        5.10765958333333      -0.116480476944855     
   5.40799250000000        5.40799250000000      -0.109551866508371     
   5.40799250000000        5.70832541666667      -0.102916374368441     
   5.40799250000000        6.00865833333333      -9.661718309519624E-002
   5.40799250000000        6.30899125000000      -9.068403626263589E-002
   5.40799250000000        6.60932416666667      -8.513303147823807E-002
   5.40799250000000        6.90965708333333      -7.988716628969264E-002
   5.40799250000000        7.20999000000000      -7.483223416626809E-002
   5.70832541666667       2.000000000000000E-003 -0.132848450293511     
   5.70832541666667       0.302332916666667      -0.138198153499451     
   5.70832541666667       0.602665833333333      -0.142400054569281     
   5.70832541666667       0.902998750000000      -0.145824038919779     
   5.70832541666667        1.20333166666667      -0.148525703258615     
   5.70832541666667        1.50366458333333      -0.150435234683356     
   5.70832541666667        1.80399750000000      -0.151549425726670     
   5.70832541666667        2.10433041666667      -0.151882991359656     
   5.70832541666667        2.40466333333333      -0.151381232479857     
   5.70832541666667        2.70499625000000      -0.149955663493988     
   5.70832541666667        3.00532916666667      -0.147526284485216     
   5.70832541666667        3.30566208333333      -0.144042745632899     
   5.70832541666667        3.60599500000000      -0.139521138145903     
   5.70832541666667        3.90632791666667      -0.134092053218122     
   5.70832541666667        4.20666083333333      -0.128011339045389     
   5.70832541666667        4.50699375000000      -0.121601855756366     
   5.70832541666667        4.80732666666667      -0.115161922472738     
   5.70832541666667        5.10765958333333      -0.108899657462379     
   5.70832541666667        5.40799250000000      -0.102916294964899     
   5.70832541666667        5.70832541666667      -9.722279772243236E-002
   5.70832541666667        6.00865833333333      -9.178781601606627E-002
   5.70832541666667        6.30899125000000      -8.662545522343171E-002
   5.70832541666667        6.60932416666667      -8.172011948103994E-002
   5.70832541666667        6.90965708333333      -7.699747691805513E-002
   5.70832541666667        7.20999000000000      -7.235048277068420E-002
   6.00865833333333       2.000000000000000E-003 -0.127615928243618     
   6.00865833333333       0.302332916666667      -0.130931686588147     
   6.00865833333333       0.602665833333333      -0.133138270704181     
   6.00865833333333       0.902998750000000      -0.135327777757742     
   6.00865833333333        1.20333166666667      -0.137272383726804     
   6.00865833333333        1.50366458333333      -0.138623991634775     
   6.00865833333333        1.80399750000000      -0.139321496364871     
   6.00865833333333        2.10433041666667      -0.139440477197375     
   6.00865833333333        2.40466333333333      -0.138944976566498     
   6.00865833333333        2.70499625000000      -0.137726909305529     
   6.00865833333333        3.00532916666667      -0.135684802075979     
   6.00865833333333        3.30566208333333      -0.132720449264663     
   6.00865833333333        3.60599500000000      -0.128775070169621     
   6.00865833333333        3.90632791666667      -0.123936257433533     
   6.00865833333333        4.20666083333333      -0.118475373061683     
   6.00865833333333        4.50699375000000      -0.112765043421096     
   6.00865833333333        4.80732666666667      -0.107117878852967     
   6.00865833333333        5.10765958333333      -0.101717263836087     
   6.00865833333333        5.40799250000000      -9.661737092430676E-002
   6.00865833333333        5.70832541666667      -9.178817087343931E-002
   6.00865833333333        6.00865833333333      -8.718408428900717E-002
   6.00865833333333        6.30899125000000      -8.277215310237505E-002
   6.00865833333333        6.60932416666667      -7.852320599849012E-002
   6.00865833333333        6.90965708333333      -7.437741983653305E-002
   6.00865833333333        7.20999000000000      -7.018842964491141E-002
   6.30899125000000       2.000000000000000E-003 -0.126268410280125     
   6.30899125000000       0.302332916666667      -0.126411645164489     
   6.30899125000000       0.602665833333333      -0.125738880937042     
   6.30899125000000       0.902998750000000      -0.126558175375402     
   6.30899125000000        1.20333166666667      -0.127617240517709     
   6.30899125000000        1.50366458333333      -0.128213985395834     
   6.30899125000000        1.80399750000000      -0.128324646548125     
   6.30899125000000        2.10433041666667      -0.128073434450937     
   6.30899125000000        2.40466333333333      -0.127450746810377     
   6.30899125000000        2.70499625000000      -0.126336461999074     
   6.30899125000000        3.00532916666667      -0.124619991534697     
   6.30899125000000        3.30566208333333      -0.122119644507135     
   6.30899125000000        3.60599500000000      -0.118717280312832     
   6.30899125000000        3.90632791666667      -0.114484477716680     
   6.30899125000000        4.20666083333333      -0.109661602103710     
   6.30899125000000        4.50699375000000      -0.104614009887534     
   6.30899125000000        4.80732666666667      -9.969310970855980E-002
   6.30899125000000        5.10765958333333      -9.503812778762954E-002
   6.30899125000000        5.40799250000000      -9.068500628482221E-002
   6.30899125000000        5.70832541666667      -8.662665673530869E-002
   6.30899125000000        6.00865833333333      -8.277296606225688E-002
   6.30899125000000        6.30899125000000      -7.904159691306596E-002
   6.30899125000000        6.60932416666667      -7.539678673857493E-002
   6.30899125000000        6.90965708333333      -7.185865987223092E-002
   6.30899125000000        7.20999000000000      -6.820940872839376E-002
   6.60932416666667       2.000000000000000E-003 -0.126356868994203     
   6.60932416666667       0.302332916666667      -0.121771466837978     
   6.60932416666667       0.602665833333333      -0.118815368725622     
   6.60932416666667       0.902998750000000      -0.118952615872634     
   6.60932416666667        1.20333166666667      -0.119097728352109     
   6.60932416666667        1.50366458333333      -0.118794684257223     
   6.60932416666667        1.80399750000000      -0.118242945453352     
   6.60932416666667        2.10433041666667      -0.117595297038320     
   6.60932416666667        2.40466333333333      -0.116838418444311     
   6.60932416666667        2.70499625000000      -0.115814628297895     
   6.60932416666667        3.00532916666667      -0.114416231465255     
   6.60932416666667        3.30566208333333      -0.112380636278758     
   6.60932416666667        3.60599500000000      -0.109569378612872     
   6.60932416666667        3.90632791666667      -0.106000718871783     
   6.60932416666667        4.20666083333333      -0.101804909376086     
   6.60932416666667        4.50699375000000      -9.730865263626622E-002
   6.60932416666667        4.80732666666667      -9.296576125645417E-002
   6.60932416666667        5.10765958333333      -8.887562411582220E-002
   6.60932416666667        5.40799250000000      -8.513537423386662E-002
   6.60932416666667        5.70832541666667      -8.172258516570971E-002
   6.60932416666667        6.00865833333333      -7.852505397405400E-002
   6.60932416666667        6.30899125000000      -7.539754186661266E-002
   6.60932416666667        6.60932416666667      -7.222679376878341E-002
   6.60932416666667        6.90965708333333      -6.921274750260896E-002
   6.60932416666667        7.20999000000000      -6.626645394142504E-002
   6.90965708333333       2.000000000000000E-003 -0.119310361718602     
   6.90965708333333       0.302332916666667      -0.113921270441794     
   6.90965708333333       0.602665833333333      -0.112592568009038     
   6.90965708333333       0.902998750000000      -0.112101577623820     
   6.90965708333333        1.20333166666667      -0.111097341502227     
   6.90965708333333        1.50366458333333      -0.109935543354347     
   6.90965708333333        1.80399750000000      -0.108860768771985     
   6.90965708333333        2.10433041666667      -0.107956595902463     
   6.90965708333333        2.40466333333333      -0.107155265101944     
   6.90965708333333        2.70499625000000      -0.106351224380006     
   6.90965708333333        3.00532916666667      -0.105425661335284     
   6.90965708333333        3.30566208333333      -0.104075309378875     
   6.90965708333333        3.60599500000000      -0.102096136544456     
   6.90965708333333        3.90632791666667      -9.896010734588256E-002
   6.90965708333333        4.20666083333333      -9.513612242790062E-002
   6.90965708333333        4.50699375000000      -9.089273462897987E-002
   6.90965708333333        4.80732666666667      -8.684321672432646E-002
   6.90965708333333        5.10765958333333      -8.316807563170861E-002
   6.90965708333333        5.40799250000000      -7.989138124108107E-002
   6.90965708333333        5.70832541666667      -7.700141712662090E-002
   6.90965708333333        6.00865833333333      -7.438026194199358E-002
   6.90965708333333        6.30899125000000      -7.185975472572702E-002
   6.90965708333333        6.60932416666667      -6.921222577005659E-002
   6.90965708333333        6.90965708333333      -6.652345930698315E-002
   6.90965708333333        7.20999000000000      -6.427394048736493E-002
   7.20999000000000       2.000000000000000E-003 -0.107145457672015     
   7.20999000000000       0.302332916666667      -0.108205259085881     
   7.20999000000000       0.602665833333333      -0.106253594159539     
   7.20999000000000       0.902998750000000      -0.104371001687754     
   7.20999000000000        1.20333166666667      -0.102683605498862     
   7.20999000000000        1.50366458333333      -0.101222749701097     
   7.20999000000000        1.80399750000000      -0.100024365084689     
   7.20999000000000        2.10433041666667      -9.910971322986582E-002
   7.20999000000000        2.40466333333333      -9.843814638280558E-002
   7.20999000000000        2.70499625000000      -9.800315242033579E-002
   7.20999000000000        3.00532916666667      -9.771383281539317E-002
   7.20999000000000        3.30566208333333      -9.711019796119505E-002
   7.20999000000000        3.60599500000000      -9.621185396068380E-002
   7.20999000000000        3.90632791666667      -9.284109316392497E-002
   7.20999000000000        4.20666083333333      -8.924032982826212E-002
   7.20999000000000        4.50699375000000      -8.504667300435367E-002
   7.20999000000000        4.80732666666667      -8.113456122888195E-002
   7.20999000000000        5.10765958333333      -7.774613143337410E-002
   7.20999000000000        5.40799250000000      -7.483848271032512E-002
   7.20999000000000        5.70832541666667      -7.235585958368528E-002
   7.20999000000000        6.00865833333333      -7.019220130430706E-002
   7.20999000000000        6.30899125000000      -6.821110187675250E-002
   7.20999000000000        6.60932416666667      -6.626629281117188E-002
   7.20999000000000        6.90965708333333      -6.427366770536774E-002
   7.20999000000000        7.20999000000000      -6.145277817190891E-002
