  2.000000000000000E-003  2.000000000000000E-003 -0.183062682032854     
  2.000000000000000E-003  0.302332916666667      -0.187961777067617     
  2.000000000000000E-003  0.602665833333333      -0.186857651075560     
  2.000000000000000E-003  0.902998750000000      -0.182751189183385     
  2.000000000000000E-003   1.20333166666667      -0.178845944292847     
  2.000000000000000E-003   1.50366458333333      -0.175642200885799     
  2.000000000000000E-003   1.80399750000000      -0.173071114901885     
  2.000000000000000E-003   2.10433041666667      -0.171089312508655     
  2.000000000000000E-003   2.40466333333333      -0.169616001545307     
  2.000000000000000E-003   2.70499625000000      -0.168295630549186     
  2.000000000000000E-003   3.00532916666667      -0.166510643271292     
  2.000000000000000E-003   3.30566208333333      -0.162846819937694     
  2.000000000000000E-003   3.60599500000000      -0.157238868086179     
  2.000000000000000E-003   3.90632791666667      -0.151465742429587     
  2.000000000000000E-003   4.20666083333333      -0.144148749428647     
  2.000000000000000E-003   4.50699375000000      -0.134150750930677     
  2.000000000000000E-003   4.80732666666667      -0.124349170872578     
  2.000000000000000E-003   5.10765958333333      -0.116005764170497     
  2.000000000000000E-003   5.40799250000000      -0.109424822261152     
  2.000000000000000E-003   5.70832541666667      -0.104392500239528     
  2.000000000000000E-003   6.00865833333333      -0.100753231827656     
  2.000000000000000E-003   6.30899125000000      -9.834106825747926E-002
  2.000000000000000E-003   6.60932416666667      -9.648124034114425E-002
  2.000000000000000E-003   6.90965708333333      -9.247635579645026E-002
  2.000000000000000E-003   7.20999000000000      -8.628415744940839E-002
  0.302332916666667       2.000000000000000E-003 -0.202279965813206     
  0.302332916666667       0.302332916666667      -0.192951903787413     
  0.302332916666667       0.602665833333333      -0.193297930104016     
  0.302332916666667       0.902998750000000      -0.195468659670114     
  0.302332916666667        1.20333166666667      -0.194899283112575     
  0.302332916666667        1.50366458333333      -0.193055288828931     
  0.302332916666667        1.80399750000000      -0.190864613614223     
  0.302332916666667        2.10433041666667      -0.188664983603456     
  0.302332916666667        2.40466333333333      -0.186433030013375     
  0.302332916666667        2.70499625000000      -0.183569924492752     
  0.302332916666667        3.00532916666667      -0.179119668095954     
  0.302332916666667        3.30566208333333      -0.172337450586549     
  0.302332916666667        3.60599500000000      -0.164926587436072     
  0.302332916666667        3.90632791666667      -0.158927187450490     
  0.302332916666667        4.20666083333333      -0.151541006636018     
  0.302332916666667        4.50699375000000      -0.141971163266529     
  0.302332916666667        4.80732666666667      -0.132288212546609     
  0.302332916666667        5.10765958333333      -0.123649541150904     
  0.302332916666667        5.40799250000000      -0.116416326063761     
  0.302332916666667        5.70832541666667      -0.110540281335848     
  0.302332916666667        6.00865833333333      -0.105797889480664     
  0.302332916666667        6.30899125000000      -0.101814108595820     
  0.302332916666667        6.60932416666667      -9.768594490066818E-002
  0.302332916666667        6.90965708333333      -9.273807342749944E-002
  0.302332916666667        7.20999000000000      -8.915907762272188E-002
  0.602665833333333       2.000000000000000E-003 -0.213441298158892     
  0.602665833333333       0.302332916666667      -0.209361574661168     
  0.602665833333333       0.602665833333333      -0.206625652705948     
  0.602665833333333       0.902998750000000      -0.209658525737764     
  0.602665833333333        1.20333166666667      -0.211672847638007     
  0.602665833333333        1.50366458333333      -0.211687863203602     
  0.602665833333333        1.80399750000000      -0.210333063904248     
  0.602665833333333        2.10433041666667      -0.208136389777066     
  0.602665833333333        2.40466333333333      -0.205217308189005     
  0.602665833333333        2.70499625000000      -0.201051433688656     
  0.602665833333333        3.00532916666667      -0.194541151867071     
  0.602665833333333        3.30566208333333      -0.185489374298387     
  0.602665833333333        3.60599500000000      -0.175884540012652     
  0.602665833333333        3.90632791666667      -0.167633747928243     
  0.602665833333333        4.20666083333333      -0.159217727038299     
  0.602665833333333        4.50699375000000      -0.149732586578609     
  0.602665833333333        4.80732666666667      -0.140196532861566     
  0.602665833333333        5.10765958333333      -0.131272228408198     
  0.602665833333333        5.40799250000000      -0.123379285314595     
  0.602665833333333        5.70832541666667      -0.116543506101797     
  0.602665833333333        6.00865833333333      -0.110510367390590     
  0.602665833333333        6.30899125000000      -0.104929820492180     
  0.602665833333333        6.60932416666667      -9.949199900138357E-002
  0.602665833333333        6.90965708333333      -9.474366827430784E-002
  0.602665833333333        7.20999000000000      -9.030505352960955E-002
  0.902998750000000       2.000000000000000E-003 -0.214446491713597     
  0.902998750000000       0.302332916666667      -0.220122925097845     
  0.902998750000000       0.602665833333333      -0.222608122415342     
  0.902998750000000       0.902998750000000      -0.226784448389628     
  0.902998750000000        1.20333166666667      -0.230489201889819     
  0.902998750000000        1.50366458333333      -0.232166119259265     
  0.902998750000000        1.80399750000000      -0.231739314728481     
  0.902998750000000        2.10433041666667      -0.229663240603795     
  0.902998750000000        2.40466333333333      -0.226311835590861     
  0.902998750000000        2.70499625000000      -0.221178026206427     
  0.902998750000000        3.00532916666667      -0.213597055853808     
  0.902998750000000        3.30566208333333      -0.203507273291295     
  0.902998750000000        3.60599500000000      -0.192160597965866     
  0.902998750000000        3.90632791666667      -0.180908662407789     
  0.902998750000000        4.20666083333333      -0.169889315744830     
  0.902998750000000        4.50699375000000      -0.159028179616679     
  0.902998750000000        4.80732666666667      -0.148700782953398     
  0.902998750000000        5.10765958333333      -0.139106092661221     
  0.902998750000000        5.40799250000000      -0.130363579537716     
  0.902998750000000        5.70832541666667      -0.122503398614960     
  0.902998750000000        6.00865833333333      -0.115280398574650     
  0.902998750000000        6.30899125000000      -0.108540603842199     
  0.902998750000000        6.60932416666667      -0.102315088643888     
  0.902998750000000        6.90965708333333      -9.670434444475196E-002
  0.902998750000000        7.20999000000000      -9.092790412297153E-002
   1.20333166666667       2.000000000000000E-003 -0.217816566855094     
   1.20333166666667       0.302332916666667      -0.229266109718685     
   1.20333166666667       0.602665833333333      -0.237946887517119     
   1.20333166666667       0.902998750000000      -0.245675836762702     
   1.20333166666667        1.20333166666667      -0.251796081714115     
   1.20333166666667        1.50366458333333      -0.255220647285716     
   1.20333166666667        1.80399750000000      -0.255662264621557     
   1.20333166666667        2.10433041666667      -0.253749428842806     
   1.20333166666667        2.40466333333333      -0.249844078985954     
   1.20333166666667        2.70499625000000      -0.243557528178677     
   1.20333166666667        3.00532916666667      -0.234680783908290     
   1.20333166666667        3.30566208333333      -0.223341666538491     
   1.20333166666667        3.60599500000000      -0.210204279673777     
   1.20333166666667        3.90632791666667      -0.196313367543550     
   1.20333166666667        4.20666083333333      -0.182576426966655     
   1.20333166666667        4.50699375000000      -0.169648280832714     
   1.20333166666667        4.80732666666667      -0.157845927467840     
   1.20333166666667        5.10765958333333      -0.147141063278253     
   1.20333166666667        5.40799250000000      -0.137353414043060     
   1.20333166666667        5.70832541666667      -0.128373478437401     
   1.20333166666667        6.00865833333333      -0.119993549833713     
   1.20333166666667        6.30899125000000      -0.112161137629476     
   1.20333166666667        6.60932416666667      -0.104947297689889     
   1.20333166666667        6.90965708333333      -9.827156562821930E-002
   1.20333166666667        7.20999000000000      -9.166577876273092E-002
   1.50366458333333       2.000000000000000E-003 -0.226999771688662     
   1.50366458333333       0.302332916666667      -0.242258991135925     
   1.50366458333333       0.602665833333333      -0.255819220668470     
   1.50366458333333       0.902998750000000      -0.267665543504085     
   1.50366458333333        1.20333166666667      -0.276829468215127     
   1.50366458333333        1.50366458333333      -0.282153859718067     
   1.50366458333333        1.80399750000000      -0.283407167531432     
   1.50366458333333        2.10433041666667      -0.281264218618935     
   1.50366458333333        2.40466333333333      -0.275978826180423     
   1.50366458333333        2.70499625000000      -0.267795344304368     
   1.50366458333333        3.00532916666667      -0.256933618888662     
   1.50366458333333        3.30566208333333      -0.243645032786295     
   1.50366458333333        3.60599500000000      -0.228441174666700     
   1.50366458333333        3.90632791666667      -0.212211656140891     
   1.50366458333333        4.20666083333333      -0.196056615755096     
   1.50366458333333        4.50699375000000      -0.180935247750184     
   1.50366458333333        4.80732666666667      -0.167344286638524     
   1.50366458333333        5.10765958333333      -0.155235762696644     
   1.50366458333333        5.40799250000000      -0.144247106364011     
   1.50366458333333        5.70832541666667      -0.134058376104789     
   1.50366458333333        6.00865833333333      -0.124501383645162     
   1.50366458333333        6.30899125000000      -0.115560501819826     
   1.50366458333333        6.60932416666667      -0.107341017356142     
   1.50366458333333        6.90965708333333      -9.979932740721749E-002
   1.50366458333333        7.20999000000000      -9.266248529257122E-002
   1.80399750000000       2.000000000000000E-003 -0.243020437178854     
   1.80399750000000       0.302332916666667      -0.261684910336569     
   1.80399750000000       0.602665833333333      -0.279327929727632     
   1.80399750000000       0.902998750000000      -0.295147131372195     
   1.80399750000000        1.20333166666667      -0.307519534230354     
   1.80399750000000        1.50366458333333      -0.314867834619616     
   1.80399750000000        1.80399750000000      -0.316638135817918     
   1.80399750000000        2.10433041666667      -0.313024113121250     
   1.80399750000000        2.40466333333333      -0.304928923243966     
   1.80399750000000        2.70499625000000      -0.293521461028570     
   1.80399750000000        3.00532916666667      -0.279681673201607     
   1.80399750000000        3.30566208333333      -0.263856773308820     
   1.80399750000000        3.60599500000000      -0.246389548674251     
   1.80399750000000        3.90632791666667      -0.227929134182737     
   1.80399750000000        4.20666083333333      -0.209510356563170     
   1.80399750000000        4.50699375000000      -0.192228015760048     
   1.80399750000000        4.80732666666667      -0.176762620838828     
   1.80399750000000        5.10765958333333      -0.163135033157973     
   1.80399750000000        5.40799250000000      -0.150884898804693     
   1.80399750000000        5.70832541666667      -0.139509269129951     
   1.80399750000000        6.00865833333333      -0.128792735302679     
   1.80399750000000        6.30899125000000      -0.118797531465380     
   1.80399750000000        6.60932416666667      -0.109685436386785     
   1.80399750000000        6.90965708333333      -0.101475245871736     
   1.80399750000000        7.20999000000000      -9.394801438952789E-002
   2.10433041666667       2.000000000000000E-003 -0.266977879471786     
   2.10433041666667       0.302332916666667      -0.289309104903248     
   2.10433041666667       0.602665833333333      -0.310667220292374     
   2.10433041666667       0.902998750000000      -0.330107422649859     
   2.10433041666667        1.20333166666667      -0.345488366955876     
   2.10433041666667        1.50366458333333      -0.354519254654098     
   2.10433041666667        1.80399750000000      -0.355692328460105     
   2.10433041666667        2.10433041666667      -0.349135456366550     
   2.10433041666667        2.40466333333333      -0.336575401900866     
   2.10433041666667        2.70499625000000      -0.320360912622342     
   2.10433041666667        3.00532916666667      -0.302308702657742     
   2.10433041666667        3.30566208333333      -0.283211291117817     
   2.10433041666667        3.60599500000000      -0.263229431194656     
   2.10433041666667        3.90632791666667      -0.242626778907404     
   2.10433041666667        4.20666083333333      -0.222161954898700     
   2.10433041666667        4.50699375000000      -0.202899396093611     
   2.10433041666667        4.80732666666667      -0.185650084559145     
   2.10433041666667        5.10765958333333      -0.170540213714809     
   2.10433041666667        5.40799250000000      -0.157080213202154     
   2.10433041666667        5.70832541666667      -0.144639289427103     
   2.10433041666667        6.00865833333333      -0.132906125580810     
   2.10433041666667        6.30899125000000      -0.121983639877865     
   2.10433041666667        6.60932416666667      -0.112119202184643     
   2.10433041666667        6.90965708333333      -0.103390824285740     
   2.10433041666667        7.20999000000000      -9.554104558556246E-002
   2.40466333333333       2.000000000000000E-003 -0.300914635872028     
   2.40466333333333       0.302332916666667      -0.327081632784578     
   2.40466333333333       0.602665833333333      -0.351412040625999     
   2.40466333333333       0.902998750000000      -0.373131427969963     
   2.40466333333333        1.20333166666667      -0.390202306745268     
   2.40466333333333        1.50366458333333      -0.399654308689451     
   2.40466333333333        1.80399750000000      -0.399039882842960     
   2.40466333333333        2.10433041666667      -0.388272360981893     
   2.40466333333333        2.40466333333333      -0.369863521386144     
   2.40466333333333        2.70499625000000      -0.347487892379106     
   2.40466333333333        3.00532916666667      -0.324120280552261     
   2.40466333333333        3.30566208333333      -0.301060489197331     
   2.40466333333333        3.60599500000000      -0.278314080476184     
   2.40466333333333        3.90632791666667      -0.255656876206471     
   2.40466333333333        4.20666083333333      -0.233402818242189     
   2.40466333333333        4.50699375000000      -0.212434667100758     
   2.40466333333333        4.80732666666667      -0.193613008916424     
   2.40466333333333        5.10765958333333      -0.177167096980135     
   2.40466333333333        5.40799250000000      -0.162624097831358     
   2.40466333333333        5.70832541666667      -0.149272602200475     
   2.40466333333333        6.00865833333333      -0.136716897344838     
   2.40466333333333        6.30899125000000      -0.125063656490091     
   2.40466333333333        6.60932416666667      -0.114639330748988     
   2.40466333333333        6.90965708333333      -0.105538857190264     
   2.40466333333333        7.20999000000000      -9.744891630609465E-002
   2.70499625000000       2.000000000000000E-003 -0.344672709930585     
   2.70499625000000       0.302332916666667      -0.374940471914121     
   2.70499625000000       0.602665833333333      -0.402429998243200     
   2.70499625000000       0.902998750000000      -0.424270994118523     
   2.70499625000000        1.20333166666667      -0.439005809188555     
   2.70499625000000        1.50366458333333      -0.446560074053814     
   2.70499625000000        1.80399750000000      -0.442949959785012     
   2.70499625000000        2.10433041666667      -0.427223737483986     
   2.70499625000000        2.40466333333333      -0.402339382655655     
   2.70499625000000        2.70499625000000      -0.373203710380975     
   2.70499625000000        3.00532916666667      -0.344011199368414     
   2.70499625000000        3.30566208333333      -0.316684098186688     
   2.70499625000000        3.60599500000000      -0.291117772115319     
   2.70499625000000        3.90632791666667      -0.266553083819001     
   2.70499625000000        4.20666083333333      -0.242784850230263     
   2.70499625000000        4.50699375000000      -0.220428711915141     
   2.70499625000000        4.80732666666667      -0.200316456310590     
   2.70499625000000        5.10765958333333      -0.182751840650098     
   2.70499625000000        5.40799250000000      -0.167301305894026     
   2.70499625000000        5.70832541666667      -0.153209364822679     
   2.70499625000000        6.00865833333333      -0.140012931824651     
   2.70499625000000        6.30899125000000      -0.127816692125768     
   2.70499625000000        6.60932416666667      -0.117005465006730     
   2.70499625000000        6.90965708333333      -0.107752237161235     
   2.70499625000000        7.20999000000000      -9.964918749303760E-002
   3.00532916666667       2.000000000000000E-003 -0.391921966337370     
   3.00532916666667       0.302332916666667      -0.426094191206673     
   3.00532916666667       0.602665833333333      -0.456196900090517     
   3.00532916666667       0.902998750000000      -0.479106443045437     
   3.00532916666667        1.20333166666667      -0.487270687159694     
   3.00532916666667        1.50366458333333      -0.489310830741168     
   3.00532916666667        1.80399750000000      -0.481709834659836     
   3.00532916666667        2.10433041666667      -0.461099822670156     
   3.00532916666667        2.40466333333333      -0.430230529669482     
   3.00532916666667        2.70499625000000      -0.394900879864498     
   3.00532916666667        3.00532916666667      -0.360373484921938     
   3.00532916666667        3.30566208333333      -0.329182883424175     
   3.00532916666667        3.60599500000000      -0.301130912466063     
   3.00532916666667        3.90632791666667      -0.274939327402363     
   3.00532916666667        4.20666083333333      -0.249947107427831     
   3.00532916666667        4.50699375000000      -0.226528757694222     
   3.00532916666667        4.80732666666667      -0.205443357847380     
   3.00532916666667        5.10765958333333      -0.187027432038951     
   3.00532916666667        5.40799250000000      -0.170884387608159     
   3.00532916666667        5.70832541666667      -0.156234928512856     
   3.00532916666667        6.00865833333333      -0.142558917366517     
   3.00532916666667        6.30899125000000      -0.129943991116087     
   3.00532916666667        6.60932416666667      -0.118838576295359     
   3.00532916666667        6.90965708333333      -0.109643977934489     
   3.00532916666667        7.20999000000000      -0.101827834634756     
   3.30566208333333       2.000000000000000E-003 -0.424488217334760     
   3.30566208333333       0.302332916666667      -0.464255004729676     
   3.30566208333333       0.602665833333333      -0.498640340139693     
   3.30566208333333       0.902998750000000      -0.522108339868545     
   3.30566208333333        1.20333166666667      -0.526103866676112     
   3.30566208333333        1.50366458333333      -0.520187687235078     
   3.30566208333333        1.80399750000000      -0.508713704497486     
   3.30566208333333        2.10433041666667      -0.484401970743676     
   3.30566208333333        2.40466333333333      -0.449267254769626     
   3.30566208333333        2.70499625000000      -0.409575427821312     
   3.30566208333333        3.00532916666667      -0.371316825531158     
   3.30566208333333        3.30566208333333      -0.337470319908306     
   3.30566208333333        3.60599500000000      -0.307727100577798     
   3.30566208333333        3.90632791666667      -0.280382213735637     
   3.30566208333333        4.20666083333333      -0.254517727362059     
   3.30566208333333        4.50699375000000      -0.230388720115756     
   3.30566208333333        4.80732666666667      -0.208682003052294     
   3.30566208333333        5.10765958333333      -0.189729187391859     
   3.30566208333333        5.40799250000000      -0.173149379424831     
   3.30566208333333        5.70832541666667      -0.158145712876671     
   3.30566208333333        6.00865833333333      -0.144135880963387     
   3.30566208333333        6.30899125000000      -0.131203981439917     
   3.30566208333333        6.60932416666667      -0.119787505007943     
   3.30566208333333        6.90965708333333      -0.110643378551912     
   3.30566208333333        7.20999000000000      -0.103126146150673     
   3.60599500000000       2.000000000000000E-003 -0.428873693466994     
   3.60599500000000       0.302332916666667      -0.475822702691733     
   3.60599500000000       0.602665833333333      -0.514496919987655     
   3.60599500000000       0.902998750000000      -0.538533350609419     
   3.60599500000000        1.20333166666667      -0.541192004338383     
   3.60599500000000        1.50366458333333      -0.531607542494869     
   3.60599500000000        1.80399750000000      -0.518445242975338     
   3.60599500000000        2.10433041666667      -0.492732560388700     
   3.60599500000000        2.40466333333333      -0.456045928333392     
   3.60599500000000        2.70499625000000      -0.414782469378860     
   3.60599500000000        3.00532916666667      -0.375192275082158     
   3.60599500000000        3.30566208333333      -0.340418061206634     
   3.60599500000000        3.60599500000000      -0.310087555187357     
   3.60599500000000        3.90632791666667      -0.282308310854938     
   3.60599500000000        4.20666083333333      -0.256105640607020     
   3.60599500000000        4.50699375000000      -0.231715487139392     
   3.60599500000000        4.80732666666667      -0.209791716980021     
   3.60599500000000        5.10765958333333      -0.190655619577132     
   3.60599500000000        5.40799250000000      -0.173927405568944     
   3.60599500000000        5.70832541666667      -0.158802251890792     
   3.60599500000000        6.00865833333333      -0.144670597280810     
   3.60599500000000        6.30899125000000      -0.131613960135148     
   3.60599500000000        6.60932416666667      -0.120028454512269     
   3.60599500000000        6.90965708333333      -0.110951087748374     
   3.60599500000000        7.20999000000000      -0.104044200657062     
   3.90632791666667       2.000000000000000E-003 -0.424497619311926     
   3.90632791666667       0.302332916666667      -0.464233035165899     
   3.90632791666667       0.602665833333333      -0.498618102594449     
   3.90632791666667       0.902998750000000      -0.522096146644174     
   3.90632791666667        1.20333166666667      -0.526101043807005     
   3.90632791666667        1.50366458333333      -0.520189841746654     
   3.90632791666667        1.80399750000000      -0.508718032518092     
   3.90632791666667        2.10433041666667      -0.484407166876739     
   3.90632791666667        2.40466333333333      -0.449272599471057     
   3.90632791666667        2.70499625000000      -0.409580375592205     
   3.90632791666667        3.00532916666667      -0.371321160669005     
   3.90632791666667        3.30566208333333      -0.337474040371612     
   3.90632791666667        3.60599500000000      -0.307730152074549     
   3.90632791666667        3.90632791666667      -0.280384643800049     
   3.90632791666667        4.20666083333333      -0.254519512279491     
   3.90632791666667        4.50699375000000      -0.230390130188637     
   3.90632791666667        4.80732666666667      -0.208683646833609     
   3.90632791666667        5.10765958333333      -0.189732123282967     
   3.90632791666667        5.40799250000000      -0.173155104086762     
   3.90632791666667        5.70832541666667      -0.158156626183914     
   3.90632791666667        6.00865833333333      -0.144157312124246     
   3.90632791666667        6.30899125000000      -0.131244593681967     
   3.90632791666667        6.60932416666667      -0.119852278987439     
   3.90632791666667        6.90965708333333      -0.110716214822072     
   3.90632791666667        7.20999000000000      -0.103148222966043     
   4.20666083333333       2.000000000000000E-003 -0.391939393397771     
   4.20666083333333       0.302332916666667      -0.426081062493168     
   4.20666083333333       0.602665833333333      -0.456176816019467     
   4.20666083333333       0.902998750000000      -0.479095683073828     
   4.20666083333333        1.20333166666667      -0.487271683218636     
   4.20666083333333        1.50366458333333      -0.489318406785605     
   4.20666083333333        1.80399750000000      -0.481720531441490     
   4.20666083333333        2.10433041666667      -0.461111558762104     
   4.20666083333333        2.40466333333333      -0.430241794680116     
   4.20666083333333        2.70499625000000      -0.394910895640901     
   4.20666083333333        3.00532916666667      -0.360382001632104     
   4.20666083333333        3.30566208333333      -0.329190057313845     
   4.20666083333333        3.60599500000000      -0.301136881377307     
   4.20666083333333        3.90632791666667      -0.274944130913190     
   4.20666083333333        4.20666083333333      -0.249950659364510     
   4.20666083333333        4.50699375000000      -0.226531308326969     
   4.20666083333333        4.80732666666667      -0.205445837017407     
   4.20666083333333        5.10765958333333      -0.187031599946998     
   4.20666083333333        5.40799250000000      -0.170892799702660     
   4.20666083333333        5.70832541666667      -0.156251125912751     
   4.20666083333333        6.00865833333333      -0.142589071001639     
   4.20666083333333        6.30899125000000      -0.129998641151830     
   4.20666083333333        6.60932416666667      -0.118918599924188     
   4.20666083333333        6.90965708333333      -0.109725795239396     
   4.20666083333333        7.20999000000000      -0.101864645477875     
   4.50699375000000       2.000000000000000E-003 -0.344687576580537     
   4.50699375000000       0.302332916666667      -0.374938998058632     
   4.50699375000000       0.602665833333333      -0.402423955326420     
   4.50699375000000       0.902998750000000      -0.424272426708664     
   4.50699375000000        1.20333166666667      -0.439016324877443     
   4.50699375000000        1.50366458333333      -0.446576638885177     
   4.50699375000000        1.80399750000000      -0.442969414006592     
   4.50699375000000        2.10433041666667      -0.427243289069337     
   4.50699375000000        2.40466333333333      -0.402356983286336     
   4.50699375000000        2.70499625000000      -0.373218446865699     
   4.50699375000000        3.00532916666667      -0.344023209247333     
   4.50699375000000        3.30566208333333      -0.316694098059938     
   4.50699375000000        3.60599500000000      -0.291126371079128     
   4.50699375000000        3.90632791666667      -0.266560346339466     
   4.50699375000000        4.20666083333333      -0.242790412721418     
   4.50699375000000        4.50699375000000      -0.220432359004659     
   4.50699375000000        4.80732666666667      -0.200318893263206     
   4.50699375000000        5.10765958333333      -0.182755001578978     
   4.50699375000000        5.40799250000000      -0.167308214548837     
   4.50699375000000        5.70832541666667      -0.153223666456181     
   4.50699375000000        6.00865833333333      -0.140039003258446     
   4.50699375000000        6.30899125000000      -0.127860154819314     
   4.50699375000000        6.60932416666667      -0.117066240495511     
   4.50699375000000        6.90965708333333      -0.107811649037721     
   4.50699375000000        7.20999000000000      -9.968061511809395E-002
   4.80732666666667       2.000000000000000E-003 -0.300921812955695     
   4.80732666666667       0.302332916666667      -0.327085652493937     
   4.80732666666667       0.602665833333333      -0.351418559880390     
   4.80732666666667       0.902998750000000      -0.373145156625534     
   4.80732666666667        1.20333166666667      -0.390223748220662     
   4.80732666666667        1.50366458333333      -0.399681140658463     
   4.80732666666667        1.80399750000000      -0.399068579899610     
   4.80732666666667        2.10433041666667      -0.388299330173910     
   4.80732666666667        2.40466333333333      -0.369886284951680     
   4.80732666666667        2.70499625000000      -0.347505756051955     
   4.80732666666667        3.00532916666667      -0.324134187964208     
   4.80732666666667        3.30566208333333      -0.301072271806189     
   4.80732666666667        3.60599500000000      -0.278325015376976     
   4.80732666666667        3.90632791666667      -0.255667091631568     
   4.80732666666667        4.20666083333333      -0.233411268034351     
   4.80732666666667        4.50699375000000      -0.212440171291101     
   4.80732666666667        4.80732666666667      -0.193615417608189     
   4.80732666666667        5.10765958333333      -0.177167996547768     
   4.80732666666667        5.40799250000000      -0.162626487810219     
   4.80732666666667        5.70832541666667      -0.149279979950658     
   4.80732666666667        6.00865833333333      -0.136732217607084     
   4.80732666666667        6.30899125000000      -0.125088328972494     
   4.80732666666667        6.60932416666667      -0.114671396387403     
   4.80732666666667        6.90965708333333      -0.105569958741805     
   4.80732666666667        7.20999000000000      -9.746618195654649E-002
   5.10765958333333       2.000000000000000E-003 -0.266975228633795     
   5.10765958333333       0.302332916666667      -0.289312378477110     
   5.10765958333333       0.602665833333333      -0.310679539624517     
   5.10765958333333       0.902998750000000      -0.330129647305496     
   5.10765958333333        1.20333166666667      -0.345518888893583     
   5.10765958333333        1.50366458333333      -0.354554544301613     
   5.10765958333333        1.80399750000000      -0.355727873043164     
   5.10765958333333        2.10433041666667      -0.349166918444682     
   5.10765958333333        2.40466333333333      -0.336600110331079     
   5.10765958333333        2.70499625000000      -0.320378769108113     
   5.10765958333333        3.00532916666667      -0.302321988156307     
   5.10765958333333        3.30566208333333      -0.283223325021969     
   5.10765958333333        3.60599500000000      -0.263242546376372     
   5.10765958333333        3.90632791666667      -0.242640984838191     
   5.10765958333333        4.20666083333333      -0.222175060836214     
   5.10765958333333        4.50699375000000      -0.202908634374691     
   5.10765958333333        4.80732666666667      -0.185653943658949     
   5.10765958333333        5.10765958333333      -0.170539440090663     
   5.10765958333333        5.40799250000000      -0.157077556098984     
   5.10765958333333        5.70832541666667      -0.144638216987011     
   5.10765958333333        6.00865833333333      -0.132909220486120     
   5.10765958333333        6.30899125000000      -0.121991412677335     
   5.10765958333333        6.60932416666667      -0.112129646559784     
   5.10765958333333        6.90965708333333      -0.103399954159749     
   5.10765958333333        7.20999000000000      -9.554453011317930E-002
   5.40799250000000       2.000000000000000E-003 -0.243008795196191     
   5.40799250000000       0.302332916666667      -0.261682535898433     
   5.40799250000000       0.602665833333333      -0.279339332266794     
   5.40799250000000       0.902998750000000      -0.295173102743602     
   5.40799250000000        1.20333166666667      -0.307555875199239     
   5.40799250000000        1.50366458333333      -0.314907758993420     
   5.40799250000000        1.80399750000000      -0.316676004352223     
   5.40799250000000        2.10433041666667      -0.313055212564305     
   5.40799250000000        2.40466333333333      -0.304950775630924     
   5.40799250000000        2.70499625000000      -0.293535008077330     
   5.40799250000000        3.00532916666667      -0.279691028222060     
   5.40799250000000        3.30566208333333      -0.263867353813538     
   5.40799250000000        3.60599500000000      -0.246404966418562     
   5.40799250000000        3.90632791666667      -0.227949055897704     
   5.40799250000000        4.20666083333333      -0.209530806722275     
   5.40799250000000        4.50699375000000      -0.192243927682947     
   5.40799250000000        4.80732666666667      -0.176770639538664     
   5.40799250000000        5.10765958333333      -0.163134895717556     
   5.40799250000000        5.40799250000000      -0.150879056855403     
   5.40799250000000        5.70832541666667      -0.139501333982201     
   5.40799250000000        6.00865833333333      -0.128785681386624     
   5.40799250000000        6.30899125000000      -0.118792634275826     
   5.40799250000000        6.60932416666667      -0.109681162830574     
   5.40799250000000        6.90965708333333      -0.101469319460516     
   5.40799250000000        7.20999000000000      -9.393987272070406E-002
   5.70832541666667       2.000000000000000E-003 -0.226981596151644     
   5.70832541666667       0.302332916666667      -0.242247706190913     
   5.70832541666667       0.602665833333333      -0.255823236653306     
   5.70832541666667       0.902998750000000      -0.267688087464188     
   5.70832541666667        1.20333166666667      -0.276865713250196     
   5.70832541666667        1.50366458333333      -0.282194157574072     
   5.70832541666667        1.80399750000000      -0.283442513350461     
   5.70832541666667        2.10433041666667      -0.281289801495386     
   5.70832541666667        2.40466333333333      -0.275992789347774     
   5.70832541666667        2.70499625000000      -0.267799807077860     
   5.70832541666667        3.00532916666667      -0.256934989834107     
   5.70832541666667        3.30566208333333      -0.243651926849639     
   5.70832541666667        3.60599500000000      -0.228459633041422     
   5.70832541666667        3.90632791666667      -0.212240512873609     
   5.70832541666667        4.20666083333333      -0.196088342887711     
   5.70832541666667        4.50699375000000      -0.180961370016103     
   5.70832541666667        4.80732666666667      -0.167359536474948     
   5.70832541666667        5.10765958333333      -0.155239175722532     
   5.70832541666667        5.40799250000000      -0.144241095689516     
   5.70832541666667        5.70832541666667      -0.134047277959566     
   5.70832541666667        6.00865833333333      -0.124489791454045     
   5.70832541666667        6.30899125000000      -0.115548782855289     
   5.70832541666667        6.60932416666667      -0.107325358147193     
   5.70832541666667        6.90965708333333      -9.977705635135106E-002
   5.70832541666667        7.20999000000000      -9.263739335242684E-002
   6.00865833333333       2.000000000000000E-003 -0.217797316294933     
   6.00865833333333       0.302332916666667      -0.229244174628176     
   6.00865833333333       0.602665833333333      -0.237938874252124     
   6.00865833333333       0.902998750000000      -0.245690091325945     
   6.00865833333333        1.20333166666667      -0.251827113174085     
   6.00865833333333        1.50366458333333      -0.255256485490502     
   6.00865833333333        1.80399750000000      -0.255691630999614     
   6.00865833333333        2.10433041666667      -0.253765919130457     
   6.00865833333333        2.40466333333333      -0.249846209172518     
   6.00865833333333        2.70499625000000      -0.243547729933838     
   6.00865833333333        3.00532916666667      -0.234667592254558     
   6.00865833333333        3.30566208333333      -0.223340231650423     
   6.00865833333333        3.60599500000000      -0.210227852903084     
   6.00865833333333        3.90632791666667      -0.196358732480949     
   6.00865833333333        4.20666083333333      -0.182626590351029     
   6.00865833333333        4.50699375000000      -0.169688815644385     
   6.00865833333333        4.80732666666667      -0.157870776008704     
   6.00865833333333        5.10765958333333      -0.147150068984750     
   6.00865833333333        5.40799250000000      -0.137349926425932     
   6.00865833333333        5.70832541666667      -0.128364441764567     
   6.00865833333333        6.00865833333333      -0.119983887590573     
   6.00865833333333        6.30899125000000      -0.112148388490940     
   6.00865833333333        6.60932416666667      -0.104921307114858     
   6.00865833333333        6.90965708333333      -9.822510859016097E-002
   6.00865833333333        7.20999000000000      -9.161010031680111E-002
   6.30899125000000       2.000000000000000E-003 -0.214435924262800     
   6.30899125000000       0.302332916666667      -0.220091631729562     
   6.30899125000000       0.602665833333333      -0.222589212426326     
   6.30899125000000       0.902998750000000      -0.226792402683762     
   6.30899125000000        1.20333166666667      -0.230515199498946     
   6.30899125000000        1.50366458333333      -0.232195720284563     
   6.30899125000000        1.80399750000000      -0.231760832499218     
   6.30899125000000        2.10433041666667      -0.229669712401354     
   6.30899125000000        2.40466333333333      -0.226300317105307     
   6.30899125000000        2.70499625000000      -0.221147673402951     
   6.30899125000000        3.00532916666667      -0.213557999418661     
   6.30899125000000        3.30566208333333      -0.203488893358105     
   6.30899125000000        3.60599500000000      -0.192190552389502     
   6.30899125000000        3.90632791666667      -0.180981003138304     
   6.30899125000000        4.20666083333333      -0.169969351452142     
   6.30899125000000        4.50699375000000      -0.159088030305219     
   6.30899125000000        4.80732666666667      -0.148735527411796     
   6.30899125000000        5.10765958333333      -0.139120602320401     
   6.30899125000000        5.40799250000000      -0.130364642077325     
   6.30899125000000        5.70832541666667      -0.122500018680914     
   6.30899125000000        6.00865833333333      -0.115277390585219     
   6.30899125000000        6.30899125000000      -0.108532247277357     
   6.30899125000000        6.60932416666667      -0.102280062294060     
   6.30899125000000        6.90965708333333      -9.662058280333927E-002
   6.30899125000000        7.20999000000000      -9.081848872915198E-002
   6.60932416666667       2.000000000000000E-003 -0.213448210344246     
   6.60932416666667       0.302332916666667      -0.209326509332352     
   6.60932416666667       0.602665833333333      -0.206611590827347     
   6.60932416666667       0.902998750000000      -0.209672677833687     
   6.60932416666667        1.20333166666667      -0.211699380332497     
   6.60932416666667        1.50366458333333      -0.211712858066716     
   6.60932416666667        1.80399750000000      -0.210347549460405     
   6.60932416666667        2.10433041666667      -0.208134906829185     
   6.60932416666667        2.40466333333333      -0.205194418421702     
   6.60932416666667        2.70499625000000      -0.201000781660524     
   6.60932416666667        3.00532916666667      -0.194474442435186     
   6.60932416666667        3.30566208333333      -0.185445526656956     
   6.60932416666667        3.60599500000000      -0.175916759118248     
   6.60932416666667        3.90632791666667      -0.167733798510267     
   6.60932416666667        4.20666083333333      -0.159323335062888     
   6.60932416666667        4.50699375000000      -0.149807812446918     
   6.60932416666667        4.80732666666667      -0.140236929064629     
   6.60932416666667        5.10765958333333      -0.131289354934075     
   6.60932416666667        5.40799250000000      -0.123384377009019     
   6.60932416666667        5.70832541666667      -0.116545565054041     
   6.60932416666667        6.00865833333333      -0.110513924261637     
   6.60932416666667        6.30899125000000      -0.104928555292601     
   6.60932416666667        6.60932416666667      -9.945651487601924E-002
   6.60932416666667        6.90965708333333      -9.462566546631435E-002
   6.60932416666667        7.20999000000000      -9.013193305089097E-002
   6.90965708333333       2.000000000000000E-003 -0.202284612001893     
   6.90965708333333       0.302332916666667      -0.192935886891067     
   6.90965708333333       0.602665833333333      -0.193322812907514     
   6.90965708333333       0.902998750000000      -0.195504205814129     
   6.90965708333333        1.20333166666667      -0.194930787561587     
   6.90965708333333        1.50366458333333      -0.193077074014490     
   6.90965708333333        1.80399750000000      -0.190874033892798     
   6.90965708333333        2.10433041666667      -0.188660088414562     
   6.90965708333333        2.40466333333333      -0.186408230755690     
   6.90965708333333        2.70499625000000      -0.183519604096948     
   6.90965708333333        3.00532916666667      -0.179049086461353     
   6.90965708333333        3.30566208333333      -0.172277403396698     
   6.90965708333333        3.60599500000000      -0.164947354172515     
   6.90965708333333        3.90632791666667      -0.159024336129913     
   6.90965708333333        4.20666083333333      -0.151635875264420     
   6.90965708333333        4.50699375000000      -0.142035201764600     
   6.90965708333333        4.80732666666667      -0.132322346637361     
   6.90965708333333        5.10765958333333      -0.123664170877254     
   6.90965708333333        5.40799250000000      -0.116422425202566     
   6.90965708333333        5.70832541666667      -0.110544105062381     
   6.90965708333333        6.00865833333333      -0.105801849426715     
   6.90965708333333        6.30899125000000      -0.101813298790555     
   6.90965708333333        6.60932416666667      -9.766327446988554E-002
   6.90965708333333        6.90965708333333      -9.266579988316266E-002
   6.90965708333333        7.20999000000000      -8.903013013541490E-002
   7.20999000000000       2.000000000000000E-003 -0.183060927142014     
   7.20999000000000       0.302332916666667      -0.188006155630515     
   7.20999000000000       0.602665833333333      -0.186922581001829     
   7.20999000000000       0.902998750000000      -0.182800473087543     
   7.20999000000000        1.20333166666667      -0.178876923716954     
   7.20999000000000        1.50366458333333      -0.175658593429120     
   7.20999000000000        1.80399750000000      -0.173076287342677     
   7.20999000000000        2.10433041666667      -0.171085518106252     
   7.20999000000000        2.40466333333333      -0.169602775656138     
   7.20999000000000        2.70499625000000      -0.168273638856971     
   7.20999000000000        3.00532916666667      -0.166486481054407     
   7.20999000000000        3.30566208333333      -0.162834226900465     
   7.20999000000000        3.60599500000000      -0.157241944856651     
   7.20999000000000        3.90632791666667      -0.151482705157980     
   7.20999000000000        4.20666083333333      -0.144173117888332     
   7.20999000000000        4.50699375000000      -0.134171281683689     
   7.20999000000000        4.80732666666667      -0.124361882271234     
   7.20999000000000        5.10765958333333      -0.116012196528391     
   7.20999000000000        5.40799250000000      -0.109428516609979     
   7.20999000000000        5.70832541666667      -0.104394421857865     
   7.20999000000000        6.00865833333333      -0.100751518227576     
   7.20999000000000        6.30899125000000      -9.832945283059792E-002
   7.20999000000000        6.60932416666667      -9.645265011533460E-002
   7.20999000000000        6.90965708333333      -9.244917520867395E-002
   7.20999000000000        7.20999000000000      -8.625908922480123E-002
