  2.000000000000000E-003  2.000000000000000E-003 -0.555850378893014     
  2.000000000000000E-003  0.302332916666667      -0.526708249964740     
  2.000000000000000E-003  0.602665833333333      -0.467286785235873     
  2.000000000000000E-003  0.902998750000000      -0.395739978270887     
  2.000000000000000E-003   1.20333166666667      -0.339903208701448     
  2.000000000000000E-003   1.50366458333333      -0.298503400767432     
  2.000000000000000E-003   1.80399750000000      -0.266415530963549     
  2.000000000000000E-003   2.10433041666667      -0.240360959794957     
  2.000000000000000E-003   2.40466333333333      -0.218271673507896     
  2.000000000000000E-003   2.70499625000000      -0.199718659032550     
  2.000000000000000E-003   3.00532916666667      -0.184352483998755     
  2.000000000000000E-003   3.30566208333333      -0.171772808508092     
  2.000000000000000E-003   3.60599500000000      -0.160799711293285     
  2.000000000000000E-003   3.90632791666667      -0.146204420099363     
  2.000000000000000E-003   4.20666083333333      -0.132719099275252     
  2.000000000000000E-003   4.50699375000000      -0.119813986801567     
  2.000000000000000E-003   4.80732666666667      -0.108625703829722     
  2.000000000000000E-003   5.10765958333333      -9.927736407780156E-002
  2.000000000000000E-003   5.40799250000000      -9.157514235228705E-002
  2.000000000000000E-003   5.70832541666667      -8.529185989831896E-002
  2.000000000000000E-003   6.00865833333333      -8.017567468878053E-002
  2.000000000000000E-003   6.30899125000000      -7.597406766132546E-002
  2.000000000000000E-003   6.60932416666667      -7.232213411760526E-002
  2.000000000000000E-003   6.90965708333333      -6.839538782951096E-002
  2.000000000000000E-003   7.20999000000000      -6.392908616396606E-002
  0.302332916666667       2.000000000000000E-003 -0.613690274062799     
  0.302332916666667       0.302332916666667      -0.532708180921831     
  0.302332916666667       0.602665833333333      -0.472605964427356     
  0.302332916666667       0.902998750000000      -0.416558154600042     
  0.302332916666667        1.20333166666667      -0.365456787543285     
  0.302332916666667        1.50366458333333      -0.322835026030233     
  0.302332916666667        1.80399750000000      -0.287521151571245     
  0.302332916666667        2.10433041666667      -0.257833645956488     
  0.302332916666667        2.40466333333333      -0.232542830903974     
  0.302332916666667        2.70499625000000      -0.211384357910508     
  0.302332916666667        3.00532916666667      -0.193496434682743     
  0.302332916666667        3.30566208333333      -0.178362065961038     
  0.302332916666667        3.60599500000000      -0.164834680355189     
  0.302332916666667        3.90632791666667      -0.150475262599255     
  0.302332916666667        4.20666083333333      -0.136335244463299     
  0.302332916666667        4.50699375000000      -0.123188123633832     
  0.302332916666667        4.80732666666667      -0.111766938385460     
  0.302332916666667        5.10765958333333      -0.102084676247094     
  0.302332916666667        5.40799250000000      -9.398727015412725E-002
  0.302332916666667        5.70832541666667      -8.726852680271660E-002
  0.302332916666667        6.00865833333333      -8.166877540510650E-002
  0.302332916666667        6.30899125000000      -7.697748876967096E-002
  0.302332916666667        6.60932416666667      -7.292646483583359E-002
  0.302332916666667        6.90965708333333      -6.868705627290823E-002
  0.302332916666667        7.20999000000000      -6.272442064418185E-002
  0.602665833333333       2.000000000000000E-003 -0.627271644541971     
  0.602665833333333       0.302332916666667      -0.569158713611703     
  0.602665833333333       0.602665833333333      -0.493342988231064     
  0.602665833333333       0.902998750000000      -0.436787262820872     
  0.602665833333333        1.20333166666667      -0.387703036862334     
  0.602665833333333        1.50366458333333      -0.343994083903499     
  0.602665833333333        1.80399750000000      -0.305767327997855     
  0.602665833333333        2.10433041666667      -0.272812657234696     
  0.602665833333333        2.40466333333333      -0.244855300420589     
  0.602665833333333        2.70499625000000      -0.221607408414556     
  0.602665833333333        3.00532916666667      -0.201662503113938     
  0.602665833333333        3.30566208333333      -0.184177666402271     
  0.602665833333333        3.60599500000000      -0.168286254130280     
  0.602665833333333        3.90632791666667      -0.153119716317061     
  0.602665833333333        4.20666083333333      -0.138702790193757     
  0.602665833333333        4.50699375000000      -0.125597671749465     
  0.602665833333333        4.80732666666667      -0.114217095479401     
  0.602665833333333        5.10765958333333      -0.104385673810400     
  0.602665833333333        5.40799250000000      -9.600198627397050E-002
  0.602665833333333        5.70832541666667      -8.887821725003817E-002
  0.602665833333333        6.00865833333333      -8.278624689420871E-002
  0.602665833333333        6.30899125000000      -7.752715488238721E-002
  0.602665833333333        6.60932416666667      -7.275055616866852E-002
  0.602665833333333        6.90965708333333      -6.746890503796907E-002
  0.602665833333333        7.20999000000000      -6.141471755302851E-002
  0.902998750000000       2.000000000000000E-003 -0.627072717638696     
  0.902998750000000       0.302332916666667      -0.592577302780835     
  0.902998750000000       0.602665833333333      -0.526167100886820     
  0.902998750000000       0.902998750000000      -0.464037569828176     
  0.902998750000000        1.20333166666667      -0.410114221214195     
  0.902998750000000        1.50366458333333      -0.362418935980312     
  0.902998750000000        1.80399750000000      -0.320478818877890     
  0.902998750000000        2.10433041666667      -0.284377838992863     
  0.902998750000000        2.40466333333333      -0.254384490910831     
  0.902998750000000        2.70499625000000      -0.229295178532923     
  0.902998750000000        3.00532916666667      -0.207715433886830     
  0.902998750000000        3.30566208333333      -0.188517391667124     
  0.902998750000000        3.60599500000000      -0.171049885175987     
  0.902998750000000        3.90632791666667      -0.154982646829947     
  0.902998750000000        4.20666083333333      -0.140343005497462     
  0.902998750000000        4.50699375000000      -0.127346919594064     
  0.902998750000000        4.80732666666667      -0.116049625231294     
  0.902998750000000        5.10765958333333      -0.106198587503093     
  0.902998750000000        5.40799250000000      -9.759002575217345E-002
  0.902998750000000        5.70832541666667      -9.010916468143680E-002
  0.902998750000000        6.00865833333333      -8.353750512231006E-002
  0.902998750000000        6.30899125000000      -7.766731949328684E-002
  0.902998750000000        6.60932416666667      -7.216701228882405E-002
  0.902998750000000        6.90965708333333      -6.657155983821995E-002
  0.902998750000000        7.20999000000000      -6.115004266971726E-002
   1.20333166666667       2.000000000000000E-003 -0.622499785921069     
   1.20333166666667       0.302332916666667      -0.600050611307260     
   1.20333166666667       0.602665833333333      -0.546998274362007     
   1.20333166666667       0.902998750000000      -0.486344689699640     
   1.20333166666667        1.20333166666667      -0.428618038080234     
   1.20333166666667        1.50366458333333      -0.376471551729911     
   1.20333166666667        1.80399750000000      -0.330706761712269     
   1.20333166666667        2.10433041666667      -0.292278330170123     
   1.20333166666667        2.40466333333333      -0.260721538193478     
   1.20333166666667        2.70499625000000      -0.234141253090139     
   1.20333166666667        3.00532916666667      -0.211233862176414     
   1.20333166666667        3.30566208333333      -0.191019020953345     
   1.20333166666667        3.60599500000000      -0.172780234970626     
   1.20333166666667        3.90632791666667      -0.156280743430741     
   1.20333166666667        4.20666083333333      -0.141558444745616     
   1.20333166666667        4.50699375000000      -0.128646599191334     
   1.20333166666667        4.80732666666667      -0.117392993550787     
   1.20333166666667        5.10765958333333      -0.107527252915192     
   1.20333166666667        5.40799250000000      -9.878371079159169E-002
   1.20333166666667        5.70832541666667      -9.100355976934342E-002
   1.20333166666667        6.00865833333333      -8.402250012864720E-002
   1.20333166666667        6.30899125000000      -7.767719934594550E-002
   1.20333166666667        6.60932416666667      -7.177751114881792E-002
   1.20333166666667        6.90965708333333      -6.618090524634956E-002
   1.20333166666667        7.20999000000000      -6.105905294527949E-002
   1.50366458333333       2.000000000000000E-003 -0.613696729946748     
   1.50366458333333       0.302332916666667      -0.596850401501902     
   1.50366458333333       0.602665833333333      -0.553297326529581     
   1.50366458333333       0.902998750000000      -0.496954300198093     
   1.50366458333333        1.20333166666667      -0.438470627565997     
   1.50366458333333        1.50366458333333      -0.383521586480144     
   1.50366458333333        1.80399750000000      -0.335543901663442     
   1.50366458333333        2.10433041666667      -0.296181690492507     
   1.50366458333333        2.40466333333333      -0.263567326331035     
   1.50366458333333        2.70499625000000      -0.236102495832336     
   1.50366458333333        3.00532916666667      -0.212539632000024     
   1.50366458333333        3.30566208333333      -0.191885310338728     
   1.50366458333333        3.60599500000000      -0.173467688882465     
   1.50366458333333        3.90632791666667      -0.156976994090556     
   1.50366458333333        4.20666083333333      -0.142341993098393     
   1.50366458333333        4.50699375000000      -0.129507017141559     
   1.50366458333333        4.80732666666667      -0.118295023530122     
   1.50366458333333        5.10765958333333      -0.108422169561758     
   1.50366458333333        5.40799250000000      -9.959841819130164E-002
   1.50366458333333        5.70832541666667      -9.160869518165066E-002
   1.50366458333333        6.00865833333333      -8.432383618189668E-002
   1.50366458333333        6.30899125000000      -7.766134763042977E-002
   1.50366458333333        6.60932416666667      -7.154826477692675E-002
   1.50366458333333        6.90965708333333      -6.594556769902923E-002
   1.50366458333333        7.20999000000000      -6.090347724432404E-002
   1.80399750000000       2.000000000000000E-003 -0.599439645110007     
   1.80399750000000       0.302332916666667      -0.585470615254537     
   1.80399750000000       0.602665833333333      -0.546886506027032     
   1.80399750000000       0.902998750000000      -0.494252426680020     
   1.80399750000000        1.20333166666667      -0.436670184685860     
   1.80399750000000        1.50366458333333      -0.381948485101492     
   1.80399750000000        1.80399750000000      -0.335159793902090     
   1.80399750000000        2.10433041666667      -0.295737462350562     
   1.80399750000000        2.40466333333333      -0.262705968631288     
   1.80399750000000        2.70499625000000      -0.235027833099664     
   1.80399750000000        3.00532916666667      -0.211546097460403     
   1.80399750000000        3.30566208333333      -0.191163656878773     
   1.80399750000000        3.60599500000000      -0.173082020120000     
   1.80399750000000        3.90632791666667      -0.156899781384771     
   1.80399750000000        4.20666083333333      -0.142500335773325     
   1.80399750000000        4.50699375000000      -0.129827356276808     
   1.80399750000000        4.80732666666667      -0.118718156870916     
   1.80399750000000        5.10765958333333      -0.108889048709479     
   1.80399750000000        5.40799250000000      -0.100035387328829     
   1.80399750000000        5.70832541666667      -9.193319177818829E-002
   1.80399750000000        6.00865833333333      -8.446015469765893E-002
   1.80399750000000        6.30899125000000      -7.758957192326497E-002
   1.80399750000000        6.60932416666667      -7.133212286385747E-002
   1.80399750000000        6.90965708333333      -6.568274190426535E-002
   1.80399750000000        7.20999000000000      -6.065133793755832E-002
   2.10433041666667       2.000000000000000E-003 -0.580735021242507     
   2.10433041666667       0.302332916666667      -0.566336796323322     
   2.10433041666667       0.602665833333333      -0.529113796086057     
   2.10433041666667       0.902998750000000      -0.477712334987051     
   2.10433041666667        1.20333166666667      -0.424328552404446     
   2.10433041666667        1.50366458333333      -0.374242096831795     
   2.10433041666667        1.80399750000000      -0.329464021579107     
   2.10433041666667        2.10433041666667      -0.290748220168709     
   2.10433041666667        2.40466333333333      -0.258137213476028     
   2.10433041666667        2.70499625000000      -0.231019940408765     
   2.10433041666667        3.00532916666667      -0.208293667938473     
   2.10433041666667        3.30566208333333      -0.188739123583875     
   2.10433041666667        3.60599500000000      -0.171413267556929     
   2.10433041666667        3.90632791666667      -0.155830294916361     
   2.10433041666667        4.20666083333333      -0.141863287684656     
   2.10433041666667        4.50699375000000      -0.129491017990135     
   2.10433041666667        4.80732666666667      -0.118589094589303     
   2.10433041666667        5.10765958333333      -0.108889291689128     
   2.10433041666667        5.40799250000000      -0.100084633801918     
   2.10433041666667        5.70832541666667      -9.195582329823966E-002
   2.10433041666667        6.00865833333333      -8.441249769304349E-002
   2.10433041666667        6.30899125000000      -7.744393351785876E-002
   2.10433041666667        6.60932416666667      -7.106615174315398E-002
   2.10433041666667        6.90965708333333      -6.535179050278001E-002
   2.10433041666667        7.20999000000000      -6.031111525360874E-002
   2.40466333333333       2.000000000000000E-003 -0.565961063074016     
   2.40466333333333       0.302332916666667      -0.549608453763559     
   2.40466333333333       0.602665833333333      -0.508205489972399     
   2.40466333333333       0.902998750000000      -0.458279254210166     
   2.40466333333333        1.20333166666667      -0.408201283871693     
   2.40466333333333        1.50366458333333      -0.361076990124712     
   2.40466333333333        1.80399750000000      -0.318471141604084     
   2.40466333333333        2.10433041666667      -0.281395391260157     
   2.40466333333333        2.40466333333333      -0.250215948422490     
   2.40466333333333        2.70499625000000      -0.224488353810750     
   2.40466333333333        3.00532916666667      -0.203114133259756     
   2.40466333333333        3.30566208333333      -0.184793725818194     
   2.40466333333333        3.60599500000000      -0.168503887301974     
   2.40466333333333        3.90632791666667      -0.153728225728249     
   2.40466333333333        4.20666083333333      -0.140361703113956     
   2.40466333333333        4.50699375000000      -0.128430963106896     
   2.40466333333333        4.80732666666667      -0.117853350710685     
   2.40466333333333        5.10765958333333      -0.108381581310691     
   2.40466333333333        5.40799250000000      -9.971655309415685E-002
   2.40466333333333        5.70832541666667      -9.165097723024017E-002
   2.40466333333333        6.00865833333333      -8.411823171491506E-002
   2.40466333333333        6.30899125000000      -7.712873171917879E-002
   2.40466333333333        6.60932416666667      -7.069189224147718E-002
   2.40466333333333        6.90965708333333      -6.486378453051662E-002
   2.40466333333333        7.20999000000000      -5.984930711714616E-002
   2.70499625000000       2.000000000000000E-003 -0.557141847263136     
   2.70499625000000       0.302332916666667      -0.539488047535503     
   2.70499625000000       0.602665833333333      -0.494659889193631     
   2.70499625000000       0.902998750000000      -0.439191270826920     
   2.70499625000000        1.20333166666667      -0.387771971989932     
   2.70499625000000        1.50366458333333      -0.342657671265680     
   2.70499625000000        1.80399750000000      -0.302805101012151     
   2.70499625000000        2.10433041666667      -0.268428361571315     
   2.70499625000000        2.40466333333333      -0.239682568624016     
   2.70499625000000        2.70499625000000      -0.216073121129149     
   2.70499625000000        3.00532916666667      -0.196489818924254     
   2.70499625000000        3.30566208333333      -0.179638653567385     
   2.70499625000000        3.60599500000000      -0.164521499031107     
   2.70499625000000        3.90632791666667      -0.150665687086753     
   2.70499625000000        4.20666083333333      -0.138017890343129     
   2.70499625000000        4.50699375000000      -0.126648817243489     
   2.70499625000000        4.80732666666667      -0.116504214163196     
   2.70499625000000        5.10765958333333      -0.107354244244143     
   2.70499625000000        5.40799250000000      -9.891720780433001E-002
   2.70499625000000        5.70832541666667      -9.100950586023840E-002
   2.70499625000000        6.00865833333333      -8.358558471853972E-002
   2.70499625000000        6.30899125000000      -7.663140986597343E-002
   2.70499625000000        6.60932416666667      -7.011682824717877E-002
   2.70499625000000        6.90965708333333      -6.427056225771346E-002
   2.70499625000000        7.20999000000000      -5.940196268564735E-002
   3.00532916666667       2.000000000000000E-003 -0.535111425302983     
   3.00532916666667       0.302332916666667      -0.515463372702683     
   3.00532916666667       0.602665833333333      -0.468250039023289     
   3.00532916666667       0.902998750000000      -0.413304794364335     
   3.00532916666667        1.20333166666667      -0.362510691513409     
   3.00532916666667        1.50366458333333      -0.320068136760039     
   3.00532916666667        1.80399750000000      -0.283858689953824     
   3.00532916666667        2.10433041666667      -0.253091819651292     
   3.00532916666667        2.40466333333333      -0.227506968460070     
   3.00532916666667        2.70499625000000      -0.206469788753373     
   3.00532916666667        3.00532916666667      -0.188888863152124     
   3.00532916666667        3.30566208333333      -0.173574556229452     
   3.00532916666667        3.60599500000000      -0.159655322353612     
   3.00532916666667        3.90632791666667      -0.146764280071943     
   3.00532916666667        4.20666083333333      -0.134913597698860     
   3.00532916666667        4.50699375000000      -0.124200472562334     
   3.00532916666667        4.80732666666667      -0.114577115721681     
   3.00532916666667        5.10765958333333      -0.105824844545876     
   3.00532916666667        5.40799250000000      -9.769032860749827E-002
   3.00532916666667        5.70832541666667      -9.003261055144063E-002
   3.00532916666667        6.00865833333333      -8.284928368692927E-002
   3.00532916666667        6.30899125000000      -7.611758828279314E-002
   3.00532916666667        6.60932416666667      -6.975999400775194E-002
   3.00532916666667        6.90965708333333      -6.398789344604923E-002
   3.00532916666667        7.20999000000000      -5.932345700149378E-002
   3.30566208333333       2.000000000000000E-003 -0.492772049862748     
   3.30566208333333       0.302332916666667      -0.474137925346072     
   3.30566208333333       0.602665833333333      -0.430210893872318     
   3.30566208333333       0.902998750000000      -0.379608187072329     
   3.30566208333333        1.20333166666667      -0.333474374228358     
   3.30566208333333        1.50366458333333      -0.295243930933356     
   3.30566208333333        1.80399750000000      -0.263425256577700     
   3.30566208333333        2.10433041666667      -0.236746666176069     
   3.30566208333333        2.40466333333333      -0.214601320742673     
   3.30566208333333        2.70499625000000      -0.196241922382424     
   3.30566208333333        3.00532916666667      -0.180652968188376     
   3.30566208333333        3.30566208333333      -0.166823881165926     
   3.30566208333333        3.60599500000000      -0.154071798465522     
   3.30566208333333        3.90632791666667      -0.142162059139363     
   3.30566208333333        4.20666083333333      -0.131162397864607     
   3.30566208333333        4.50699375000000      -0.121170685970235     
   3.30566208333333        4.80732666666667      -0.112126343060850     
   3.30566208333333        5.10765958333333      -0.103819192403644     
   3.30566208333333        5.40799250000000      -9.603538905208443E-002
   3.30566208333333        5.70832541666667      -8.869511432232520E-002
   3.30566208333333        6.00865833333333      -8.187785983455612E-002
   3.30566208333333        6.30899125000000      -7.555487546784968E-002
   3.30566208333333        6.60932416666667      -6.960448141717032E-002
   3.30566208333333        6.90965708333333      -6.416153429546106E-002
   3.30566208333333        7.20999000000000      -5.972837740692133E-002
   3.60599500000000       2.000000000000000E-003 -0.436647982458246     
   3.60599500000000       0.302332916666667      -0.423913067334073     
   3.60599500000000       0.602665833333333      -0.387942014608295     
   3.60599500000000       0.902998750000000      -0.343955028990063     
   3.60599500000000        1.20333166666667      -0.303520840028108     
   3.60599500000000        1.50366458333333      -0.270206058344729     
   3.60599500000000        1.80399750000000      -0.243020437178852     
   3.60599500000000        2.10433041666667      -0.220416010751720     
   3.60599500000000        2.40466333333333      -0.201581083620407     
   3.60599500000000        2.70499625000000      -0.185735868360093     
   3.60599500000000        3.00532916666667      -0.171992900179917     
   3.60599500000000        3.30566208333333      -0.159552441881840     
   3.60599500000000        3.60599500000000      -0.147931016873456     
   3.60599500000000        3.90632791666667      -0.137014079726445     
   3.60599500000000        4.20666083333333      -0.126897892618864     
   3.60599500000000        4.50699375000000      -0.117656926650554     
   3.60599500000000        4.80732666666667      -0.109209253571779     
   3.60599500000000        5.10765958333333      -0.101358322572766     
   3.60599500000000        5.40799250000000      -9.393849616595477E-002
   3.60599500000000        5.70832541666667      -8.693267450770868E-002
   3.60599500000000        6.00865833333333      -8.048724223953875E-002
   3.60599500000000        6.30899125000000      -7.458990968275227E-002
   3.60599500000000        6.60932416666667      -6.915210291469254E-002
   3.60599500000000        6.90965708333333      -6.431254302214813E-002
   3.60599500000000        7.20999000000000      -6.047347359355199E-002
   3.90632791666667       2.000000000000000E-003 -0.389352044495274     
   3.90632791666667       0.302332916666667      -0.376762395146128     
   3.90632791666667       0.602665833333333      -0.345421334421496     
   3.90632791666667       0.902998750000000      -0.308262105974053     
   3.90632791666667        1.20333166666667      -0.274062596337319     
   3.90632791666667        1.50366458333333      -0.246031069286314     
   3.90632791666667        1.80399750000000      -0.223398730497692     
   3.90632791666667        2.10433041666667      -0.204570859428536     
   3.90632791666667        2.40466333333333      -0.188723248852746     
   3.90632791666667        2.70499625000000      -0.175133464277541     
   3.90632791666667        3.00532916666667      -0.163070752550150     
   3.90632791666667        3.30566208333333      -0.151939172955992     
   3.90632791666667        3.60599500000000      -0.141426945029193     
   3.90632791666667        3.90632791666667      -0.131504414513196     
   3.90632791666667        4.20666083333333      -0.122268919582666     
   3.90632791666667        4.50699375000000      -0.113760916766795     
   3.90632791666667        4.80732666666667      -0.105883326675875     
   3.90632791666667        5.10765958333333      -9.846617353587432E-002
   3.90632791666667        5.40799250000000      -9.139695628893529E-002
   3.90632791666667        5.70832541666667      -8.470404172559859E-002
   3.90632791666667        6.00865833333333      -7.853941718182451E-002
   3.90632791666667        6.30899125000000      -7.291875650921260E-002
   3.90632791666667        6.60932416666667      -6.771430264516652E-002
   3.90632791666667        6.90965708333333      -6.284341916551926E-002
   3.90632791666667        7.20999000000000      -5.833897702140844E-002
   4.20666083333333       2.000000000000000E-003 -0.331354967302921     
   4.20666083333333       0.302332916666667      -0.322049953267824     
   4.20666083333333       0.602665833333333      -0.299061307921788     
   4.20666083333333       0.902998750000000      -0.271334879532323     
   4.20666083333333        1.20333166666667      -0.244875485602622     
   4.20666083333333        1.50366458333333      -0.222897462860241     
   4.20666083333333        1.80399750000000      -0.204676084258749     
   4.20666083333333        2.10433041666667      -0.189293394355204     
   4.20666083333333        2.40466333333333      -0.176127000674828     
   4.20666083333333        2.70499625000000      -0.164581296281436     
   4.20666083333333        3.00532916666667      -0.154084894699587     
   4.20666083333333        3.30566208333333      -0.144214896320348     
   4.20666083333333        3.60599500000000      -0.134789054519829     
   4.20666083333333        3.90632791666667      -0.125828709674228     
   4.20666083333333        4.20666083333333      -0.117419259382972     
   4.20666083333333        4.50699375000000      -0.109576220188019     
   4.20666083333333        4.80732666666667      -0.102208236691511     
   4.20666083333333        5.10765958333333      -9.518768883112450E-002
   4.20666083333333        5.40799250000000      -8.845505789941864E-002
   4.20666083333333        5.70832541666667      -8.206451119245518E-002
   4.20666083333333        6.00865833333333      -7.613225711709659E-002
   4.20666083333333        6.30899125000000      -7.068298433997884E-002
   4.20666083333333        6.60932416666667      -6.558184333939435E-002
   4.20666083333333        6.90965708333333      -6.077960005315924E-002
   4.20666083333333        7.20999000000000      -5.645058390093623E-002
   4.50699375000000       2.000000000000000E-003 -0.271641440037191     
   4.50699375000000       0.302332916666667      -0.266414488013233     
   4.50699375000000       0.602665833333333      -0.252873605397076     
   4.50699375000000       0.902998750000000      -0.235158702355806     
   4.50699375000000        1.20333166666667      -0.217141636859278     
   4.50699375000000        1.50366458333333      -0.200965137054648     
   4.50699375000000        1.80399750000000      -0.186866684407681     
   4.50699375000000        2.10433041666667      -0.174643693650847     
   4.50699375000000        2.40466333333333      -0.163934800900472     
   4.50699375000000        2.70499625000000      -0.154290877828362     
   4.50699375000000        3.00532916666667      -0.145282706687209     
   4.50699375000000        3.30566208333333      -0.136623514821909     
   4.50699375000000        3.60599500000000      -0.128224219492810     
   4.50699375000000        3.90632791666667      -0.120139618141351     
   4.50699375000000        4.20666083333333      -0.112450720033046     
   4.50699375000000        4.50699375000000      -0.105173375418716     
   4.50699375000000        4.80732666666667      -9.824748859917799E-002
   4.50699375000000        5.10765958333333      -9.159873345819350E-002
   4.50699375000000        5.40799250000000      -8.521258560399773E-002
   4.50699375000000        5.70832541666667      -7.915250478591239E-002
   4.50699375000000        6.00865833333333      -7.350295268358398E-002
   4.50699375000000        6.30899125000000      -6.827006351914203E-002
   4.50699375000000        6.60932416666667      -6.335777356042881E-002
   4.50699375000000        6.90965708333333      -5.877460374102605E-002
   4.50699375000000        7.20999000000000      -5.463959967767978E-002
   4.80732666666667       2.000000000000000E-003 -0.223692162358178     
   4.80732666666667       0.302332916666667      -0.221203082894310     
   4.80732666666667       0.602665833333333      -0.214157336364497     
   4.80732666666667       0.902998750000000      -0.203744290372000     
   4.80732666666667        1.20333166666667      -0.192092892624258     
   4.80732666666667        1.50366458333333      -0.180708745851794     
   4.80732666666667        1.80399750000000      -0.170263872540503     
   4.80732666666667        2.10433041666667      -0.160894238114663     
   4.80732666666667        2.40466333333333      -0.152421603877871     
   4.80732666666667        2.70499625000000      -0.144522462476584     
   4.80732666666667        3.00532916666667      -0.136885837151307     
   4.80732666666667        3.30566208333333      -0.129330329822660     
   4.80732666666667        3.60599500000000      -0.121837258940761     
   4.80732666666667        3.90632791666667      -0.114493656522141     
   4.80732666666667        4.20666083333333      -0.107396890224707     
   4.80732666666667        4.50699375000000      -0.100590933508255     
   4.80732666666667        4.80732666666667      -9.406440827826226E-002
   4.80732666666667        5.10765958333333      -8.779505189657608E-002
   4.80732666666667        5.40799250000000      -8.179631690760034E-002
   4.80732666666667        5.70832541666667      -7.612182715108934E-002
   4.80732666666667        6.00865833333333      -7.082336840839817E-002
   4.80732666666667        6.30899125000000      -6.589984061689627E-002
   4.80732666666667        6.60932416666667      -6.129163612589737E-002
   4.80732666666667        6.90965708333333      -5.696456696356159E-002
   4.80732666666667        7.20999000000000      -5.300646940726068E-002
   5.10765958333333       2.000000000000000E-003 -0.188565298233077     
   5.10765958333333       0.302332916666667      -0.187241670800228     
   5.10765958333333       0.602665833333333      -0.183317718880931     
   5.10765958333333       0.902998750000000      -0.177526639565704     
   5.10765958333333        1.20333166666667      -0.170386779743113     
   5.10765958333333        1.50366458333333      -0.162793621974321     
   5.10765958333333        1.80399750000000      -0.155398407384674     
   5.10765958333333        2.10433041666667      -0.148449703709365     
   5.10765958333333        2.40466333333333      -0.141878094651918     
   5.10765958333333        2.70499625000000      -0.135461291962288     
   5.10765958333333        3.00532916666667      -0.128986428445899     
   5.10765958333333        3.30566208333333      -0.122354837454393     
   5.10765958333333        3.60599500000000      -0.115603431452709     
   5.10765958333333        3.90632791666667      -0.108854559668914     
   5.10765958333333        4.20666083333333      -0.102239755861394     
   5.10765958333333        4.50699375000000      -9.584804651685185E-002
   5.10765958333333        4.80732666666667      -8.971926390695634E-002
   5.10765958333333        5.10765958333333      -8.386918536616951E-002
   5.10765958333333        5.40799250000000      -7.831607568149757E-002
   5.10765958333333        5.70832541666667      -7.308360234843331E-002
   5.10765958333333        6.00865833333333      -6.818179202981485E-002
   5.10765958333333        6.30899125000000      -6.359171154784124E-002
   5.10765958333333        6.60932416666667      -5.927904859870344E-002
   5.10765958333333        6.90965708333333      -5.524251537677313E-002
   5.10765958333333        7.20999000000000      -5.149498850404461E-002
   5.40799250000000       2.000000000000000E-003 -0.163676844271651     
   5.40799250000000       0.302332916666667      -0.162760065412126     
   5.40799250000000       0.602665833333333      -0.160337111588342     
   5.40799250000000       0.902998750000000      -0.156777284253185     
   5.40799250000000        1.20333166666667      -0.152540575404779     
   5.40799250000000        1.50366458333333      -0.147792841637688     
   5.40799250000000        1.80399750000000      -0.142695346887988     
   5.40799250000000        2.10433041666667      -0.137558738878214     
   5.40799250000000        2.40466333333333      -0.132404436302730     
   5.40799250000000        2.70499625000000      -0.127098607648446     
   5.40799250000000        3.00532916666667      -0.121508688638665     
   5.40799250000000        3.30566208333333      -0.115594352684312     
   5.40799250000000        3.60599500000000      -0.109428245119253     
   5.40799250000000        3.90632791666667      -0.103162463316670     
   5.40799250000000        4.20666083333333      -9.696765935960784E-002
   5.40799250000000        4.50699375000000      -9.097947978322686E-002
   5.40799250000000        4.80732666666667      -8.527789467752571E-002
   5.40799250000000        5.10765958333333      -7.989555874375735E-002
   5.40799250000000        5.40799250000000      -7.483435402674744E-002
   5.40799250000000        5.70832541666667      -7.007521428489616E-002
   5.40799250000000        6.00865833333333      -6.558290597328847E-002
   5.40799250000000        6.30899125000000      -6.133061643033887E-002
   5.40799250000000        6.60932416666667      -5.731020730927272E-002
   5.40799250000000        6.90965708333333      -5.351726120982942E-002
   5.40799250000000        7.20999000000000      -4.997595111344065E-002
   5.70832541666667       2.000000000000000E-003 -0.148226424509626     
   5.70832541666667       0.302332916666667      -0.147298084795564     
   5.70832541666667       0.602665833333333      -0.145022227185826     
   5.70832541666667       0.902998750000000      -0.142200022227250     
   5.70832541666667        1.20333166666667      -0.139165024610936     
   5.70832541666667        1.50366458333333      -0.135853244154417     
   5.70832541666667        1.80399750000000      -0.132130319941599     
   5.70832541666667        2.10433041666667      -0.128090048311560     
   5.70832541666667        2.40466333333333      -0.123815351320402     
   5.70832541666667        2.70499625000000      -0.119242621987649     
   5.70832541666667        3.00532916666667      -0.114293078389196     
   5.70832541666667        3.30566208333333      -0.108945390879865     
   5.70832541666667        3.60599500000000      -0.103268871234465     
   5.70832541666667        3.90632791666667      -9.742858986894218E-002
   5.70832541666667        4.20666083333333      -9.163637946941129E-002
   5.70832541666667        4.50699375000000      -8.606849593845553E-002
   5.70832541666667        4.80732666666667      -8.082433636676901E-002
   5.70832541666667        5.10765958333333      -7.593223434643602E-002
   5.70832541666667        5.40799250000000      -7.136674588229977E-002
   5.70832541666667        5.70832541666667      -6.706714344778558E-002
   5.70832541666667        6.00865833333333      -6.297571572129303E-002
   5.70832541666667        6.30899125000000      -5.906617153611697E-002
   5.70832541666667        6.60932416666667      -5.531104664240602E-002
   5.70832541666667        6.90965708333333      -5.170980575924022E-002
   5.70832541666667        7.20999000000000      -4.833344837658097E-002
   6.00865833333333       2.000000000000000E-003 -0.141294080551692     
   6.00865833333333       0.302332916666667      -0.139457078355868     
   6.00865833333333       0.602665833333333      -0.135687714861963     
   6.00865833333333       0.902998750000000      -0.132178779080014     
   6.00865833333333        1.20333166666667      -0.129231277426450     
   6.00865833333333        1.50366458333333      -0.126345891072902     
   6.00865833333333        1.80399750000000      -0.123147733711262     
   6.00865833333333        2.10433041666667      -0.119571808927440     
   6.00865833333333        2.40466333333333      -0.115754435827332     
   6.00865833333333        2.70499625000000      -0.111670121002053     
   6.00865833333333        3.00532916666667      -0.107259023161713     
   6.00865833333333        3.30566208333333      -0.102453527339097     
   6.00865833333333        3.60599500000000      -9.723672460696775E-002
   6.00865833333333        3.90632791666667      -9.177879314373796E-002
   6.00865833333333        4.20666083333333      -8.637402196451910E-002
   6.00865833333333        4.50699375000000      -8.124105548831029E-002
   6.00865833333333        4.80732666666667      -7.645834144096098E-002
   6.00865833333333        5.10765958333333      -7.202972757059689E-002
   6.00865833333333        5.40799250000000      -6.790760761654353E-002
   6.00865833333333        5.70832541666667      -6.402845189847720E-002
   6.00865833333333        6.00865833333333      -6.032878494404528E-002
   6.00865833333333        6.30899125000000      -5.674523029936323E-002
   6.00865833333333        6.60932416666667      -5.320326626509825E-002
   6.00865833333333        6.90965708333333      -4.967966406314106E-002
   6.00865833333333        7.20999000000000      -4.637033677502996E-002
   6.30899125000000       2.000000000000000E-003 -0.141463915395954     
   6.30899125000000       0.302332916666667      -0.136925021979643     
   6.30899125000000       0.602665833333333      -0.129453672151896     
   6.30899125000000       0.902998750000000      -0.124397530917121     
   6.30899125000000        1.20333166666667      -0.121042155071098     
   6.30899125000000        1.50366458333333      -0.118047740417389     
   6.30899125000000        1.80399750000000      -0.114884549628442     
   6.30899125000000        2.10433041666667      -0.111469232103247     
   6.30899125000000        2.40466333333333      -0.107927894162688     
   6.30899125000000        2.70499625000000      -0.104290718267692     
   6.30899125000000        3.00532916666667      -0.100460218649646     
   6.30899125000000        3.30566208333333      -9.620730382338830E-002
   6.30899125000000        3.60599500000000      -9.142474160886746E-002
   6.30899125000000        3.90632791666667      -8.632830926689573E-002
   6.30899125000000        4.20666083333333      -8.130194575646230E-002
   6.30899125000000        4.50699375000000      -7.660513847306853E-002
   6.30899125000000        4.80732666666667      -7.226952802351463E-002
   6.30899125000000        5.10765958333333      -6.823232431802941E-002
   6.30899125000000        5.40799250000000      -6.448055643757768E-002
   6.30899125000000        5.70832541666667      -6.098315787094928E-002
   6.30899125000000        6.00865833333333      -5.764478683543166E-002
   6.30899125000000        6.30899125000000      -5.436083175319421E-002
   6.30899125000000        6.60932416666667      -5.097701325446300E-002
   6.30899125000000        6.90965708333333      -4.734507589301089E-002
   6.30899125000000        7.20999000000000      -4.387645842066343E-002
   6.60932416666667       2.000000000000000E-003 -0.144181931138830     
   6.60932416666667       0.302332916666667      -0.133860001215789     
   6.60932416666667       0.602665833333333      -0.122062492986752     
   6.60932416666667       0.902998750000000      -0.116719336149834     
   6.60932416666667        1.20333166666667      -0.113359722908737     
   6.60932416666667        1.50366458333333      -0.110140621981774     
   6.60932416666667        1.80399750000000      -0.106826457177070     
   6.60932416666667        2.10433041666667      -0.103499881109292     
   6.60932416666667        2.40466333333333      -0.100266723831295     
   6.60932416666667        2.70499625000000      -9.710811341755425E-002
   6.60932416666667        3.00532916666667      -9.386369646980255E-002
   6.60932416666667        3.30566208333333      -9.025726673484984E-002
   6.60932416666667        3.60599500000000      -8.599027568026796E-002
   6.60932416666667        3.90632791666667      -8.127741444979750E-002
   6.60932416666667        4.20666083333333      -7.664726277475711E-002
   6.60932416666667        4.50699375000000      -7.229097453058488E-002
   6.60932416666667        4.80732666666667      -6.831372971319438E-002
   6.60932416666667        5.10765958333333      -6.457284340797687E-002
   6.60932416666667        5.40799250000000      -6.113396622001845E-002
   6.60932416666667        5.70832541666667      -5.796419241089696E-002
   6.60932416666667        6.00865833333333      -5.494872633820390E-002
   6.60932416666667        6.30899125000000      -5.194457064163679E-002
   6.60932416666667        6.60932416666667      -4.874458113887405E-002
   6.60932416666667        6.90965708333333      -4.498900960275021E-002
   6.60932416666667        7.20999000000000      -4.106538043796293E-002
   6.90965708333333       2.000000000000000E-003 -0.134364374133311     
   6.90965708333333       0.302332916666667      -0.121400945190003     
   6.90965708333333       0.602665833333333      -0.112164592204849     
   6.90965708333333       0.902998750000000      -0.108908754157579     
   6.90965708333333        1.20333166666667      -0.105826848493972     
   6.90965708333333        1.50366458333333      -0.102403046297514     
   6.90965708333333        1.80399750000000      -9.897780944125192E-002
   6.90965708333333        2.10433041666667      -9.578578781090721E-002
   6.90965708333333        2.40466333333333      -9.290716270016647E-002
   6.90965708333333        2.70499625000000      -9.018611332425248E-002
   6.90965708333333        3.00532916666667      -8.754906845578490E-002
   6.90965708333333        3.30566208333333      -8.481541104357070E-002
   6.90965708333333        3.60599500000000      -8.140036004320914E-002
   6.90965708333333        3.90632791666667      -7.700815055858158E-002
   6.90965708333333        4.20666083333333      -7.269369181562987E-002
   6.90965708333333        4.50699375000000      -6.849410723661975E-002
   6.90965708333333        4.80732666666667      -6.462226351824343E-002
   6.90965708333333        5.10765958333333      -6.108199293637904E-002
   6.90965708333333        5.40799250000000      -5.788168716056553E-002
   6.90965708333333        5.70832541666667      -5.499330124646148E-002
   6.90965708333333        6.00865833333333      -5.228307901897061E-002
   6.90965708333333        6.30899125000000      -4.957487148743247E-002
   6.90965708333333        6.60932416666667      -4.667260718767229E-002
   6.90965708333333        6.90965708333333      -4.350506690331971E-002
   6.90965708333333        7.20999000000000      -3.995172056593097E-002
   7.20999000000000       2.000000000000000E-003 -0.115891399618929     
   7.20999000000000       0.302332916666667      -0.112046845781225     
   7.20999000000000       0.602665833333333      -0.105509776389986     
   7.20999000000000       0.902998750000000      -0.101835147403980     
   7.20999000000000        1.20333166666667      -9.838202631622939E-002
   7.20999000000000        1.50366458333333      -9.487605311129321E-002
   7.20999000000000        1.80399750000000      -9.156163026218951E-002
   7.20999000000000        2.10433041666667      -8.861892837793220E-002
   7.20999000000000        2.40466333333333      -8.607747301572938E-002
   7.20999000000000        2.70499625000000      -8.374178456375800E-002
   7.20999000000000        3.00532916666667      -8.162361723982273E-002
   7.20999000000000        3.30566208333333      -7.963190278155304E-002
   7.20999000000000        3.60599500000000      -7.753384883866855E-002
   7.20999000000000        3.90632791666667      -7.345404444480097E-002
   7.20999000000000        4.20666083333333      -6.934346483825571E-002
   7.20999000000000        4.50699375000000      -6.507355907789794E-002
   7.20999000000000        4.80732666666667      -6.116373757805092E-002
   7.20999000000000        5.10765958333333      -5.771532446274354E-002
   7.20999000000000        5.40799250000000      -5.470662255205783E-002
   7.20999000000000        5.70832541666667      -5.205938803478018E-002
   7.20999000000000        6.00865833333333      -4.965547157528668E-002
   7.20999000000000        6.30899125000000      -4.734741749827389E-002
   7.20999000000000        6.60932416666667      -4.498357612062980E-002
   7.20999000000000        6.90965708333333      -4.254675994112068E-002
   7.20999000000000        7.20999000000000      -3.966073628686485E-002
