  2.000000000000000E-003  2.000000000000000E-003 -0.129726069061856     
  2.000000000000000E-003  0.302332916666667      -0.137758916596001     
  2.000000000000000E-003  0.602665833333333      -0.141649208669256     
  2.000000000000000E-003  0.902998750000000      -0.141728635472119     
  2.000000000000000E-003   1.20333166666667      -0.142312244379686     
  2.000000000000000E-003   1.50366458333333      -0.144352451722526     
  2.000000000000000E-003   1.80399750000000      -0.147932559406849     
  2.000000000000000E-003   2.10433041666667      -0.153102068270185     
  2.000000000000000E-003   2.40466333333333      -0.160064996789613     
  2.000000000000000E-003   2.70499625000000      -0.168206915200467     
  2.000000000000000E-003   3.00532916666667      -0.175307094677989     
  2.000000000000000E-003   3.30566208333333      -0.177046581181082     
  2.000000000000000E-003   3.60599500000000      -0.175112394504478     
  2.000000000000000E-003   3.90632791666667      -0.177033640776157     
  2.000000000000000E-003   4.20666083333333      -0.175285812328780     
  2.000000000000000E-003   4.50699375000000      -0.168187744325321     
  2.000000000000000E-003   4.80732666666667      -0.160052699857939     
  2.000000000000000E-003   5.10765958333333      -0.153096430819374     
  2.000000000000000E-003   5.40799250000000      -0.147932803301835     
  2.000000000000000E-003   5.70832541666667      -0.144361586928798     
  2.000000000000000E-003   6.00865833333333      -0.142336773494921     
  2.000000000000000E-003   6.30899125000000      -0.141778830728986     
  2.000000000000000E-003   6.60932416666667      -0.141729311650890     
  2.000000000000000E-003   6.90965708333333      -0.137822186677855     
  2.000000000000000E-003   7.20999000000000      -0.129743606721731     
  0.302332916666667       2.000000000000000E-003 -0.137756713096303     
  0.302332916666667       0.302332916666667      -0.138209021870430     
  0.302332916666667       0.602665833333333      -0.144134683760013     
  0.302332916666667       0.902998750000000      -0.148844078407123     
  0.302332916666667        1.20333166666667      -0.152243679869128     
  0.302332916666667        1.50366458333333      -0.155995366398933     
  0.302332916666667        1.80399750000000      -0.160751280861091     
  0.302332916666667        2.10433041666667      -0.166690933624107     
  0.302332916666667        2.40466333333333      -0.173681334605726     
  0.302332916666667        2.70499625000000      -0.180650701309900     
  0.302332916666667        3.00532916666667      -0.184989780785070     
  0.302332916666667        3.30566208333333      -0.183669179209795     
  0.302332916666667        3.60599500000000      -0.180624777272723     
  0.302332916666667        3.90632791666667      -0.183607134540849     
  0.302332916666667        4.20666083333333      -0.184923634052816     
  0.302332916666667        4.50699375000000      -0.180604086999360     
  0.302332916666667        4.80732666666667      -0.173656547753967     
  0.302332916666667        5.10765958333333      -0.166681829092038     
  0.302332916666667        5.40799250000000      -0.160751842670879     
  0.302332916666667        5.70832541666667      -0.156004260671137     
  0.302332916666667        6.00865833333333      -0.152262171166974     
  0.302332916666667        6.30899125000000      -0.148875799353939     
  0.302332916666667        6.60932416666667      -0.144179507634124     
  0.302332916666667        6.90965708333333      -0.138249868035956     
  0.302332916666667        7.20999000000000      -0.137819249264230     
  0.602665833333333       2.000000000000000E-003 -0.141646193040522     
  0.602665833333333       0.302332916666667      -0.144132886930694     
  0.602665833333333       0.602665833333333      -0.148590379456168     
  0.602665833333333       0.902998750000000      -0.155469820593255     
  0.602665833333333        1.20333166666667      -0.161833823147982     
  0.602665833333333        1.50366458333333      -0.167938434096198     
  0.602665833333333        1.80399750000000      -0.174399947444739     
  0.602665833333333        2.10433041666667      -0.181450357305798     
  0.602665833333333        2.40466333333333      -0.188735547578648     
  0.602665833333333        2.70499625000000      -0.194993188756055     
  0.602665833333333        3.00532916666667      -0.197831802465612     
  0.602665833333333        3.30566208333333      -0.195999698094081     
  0.602665833333333        3.60599500000000      -0.193774787665845     
  0.602665833333333        3.90632791666667      -0.195943295052551     
  0.602665833333333        4.20666083333333      -0.197763894082505     
  0.602665833333333        4.50699375000000      -0.194943059866619     
  0.602665833333333        4.80732666666667      -0.188709858716262     
  0.602665833333333        5.10765958333333      -0.181442133309412     
  0.602665833333333        5.40799250000000      -0.174402826653678     
  0.602665833333333        5.70832541666667      -0.167947734321414     
  0.602665833333333        6.00865833333333      -0.161845943380845     
  0.602665833333333        6.30899125000000      -0.155483347080961     
  0.602665833333333        6.60932416666667      -0.148609986737686     
  0.602665833333333        6.90965708333333      -0.144177319177288     
  0.602665833333333        7.20999000000000      -0.141725702896503     
  0.902998750000000       2.000000000000000E-003 -0.141727096350497     
  0.902998750000000       0.302332916666667      -0.148842786158826     
  0.902998750000000       0.602665833333333      -0.155469198686693     
  0.902998750000000       0.902998750000000      -0.163574590763754     
  0.902998750000000        1.20333166666667      -0.172083563357843     
  0.902998750000000        1.50366458333333      -0.180548635289057     
  0.902998750000000        1.80399750000000      -0.189121724926358     
  0.902998750000000        2.10433041666667      -0.197918263501744     
  0.902998750000000        2.40466333333333      -0.206562753547910     
  0.902998750000000        2.70499625000000      -0.213971639305194     
  0.902998750000000        3.00532916666667      -0.218560422161000     
  0.902998750000000        3.30566208333333      -0.219740473092972     
  0.902998750000000        3.60599500000000      -0.219539039747058     
  0.902998750000000        3.90632791666667      -0.219705191735467     
  0.902998750000000        4.20666083333333      -0.218513959092448     
  0.902998750000000        4.50699375000000      -0.213936253985247     
  0.902998750000000        4.80732666666667      -0.206544355765596     
  0.902998750000000        5.10765958333333      -0.197914639586470     
  0.902998750000000        5.40799250000000      -0.189129108813456     
  0.902998750000000        5.70832541666667      -0.180561167082306     
  0.902998750000000        6.00865833333333      -0.172095790580714     
  0.902998750000000        6.30899125000000      -0.163584459797800     
  0.902998750000000        6.60932416666667      -0.155482845403684     
  0.902998750000000        6.90965708333333      -0.148874554033578     
  0.902998750000000        7.20999000000000      -0.141777196390598     
   1.20333166666667       2.000000000000000E-003 -0.142311494433945     
   1.20333166666667       0.302332916666667      -0.152242679500183     
   1.20333166666667       0.602665833333333      -0.161832787945343     
   1.20333166666667       0.902998750000000      -0.172082859436968     
   1.20333166666667        1.20333166666667      -0.182839980964799     
   1.20333166666667        1.50366458333333      -0.193791298973968     
   1.20333166666667        1.80399750000000      -0.204868274102753     
   1.20333166666667        2.10433041666667      -0.216117468315546     
   1.20333166666667        2.40466333333333      -0.227102892947499     
   1.20333166666667        2.70499625000000      -0.236809463807857     
   1.20333166666667        3.00532916666667      -0.244138634584611     
   1.20333166666667        3.30566208333333      -0.248361132328537     
   1.20333166666667        3.60599500000000      -0.249643949677885     
   1.20333166666667        3.90632791666667      -0.248343117684550     
   1.20333166666667        4.20666083333333      -0.244114198648564     
   1.20333166666667        4.50699375000000      -0.236790001718844     
   1.20333166666667        4.80732666666667      -0.227093968042126     
   1.20333166666667        5.10765958333333      -0.216120014315894     
   1.20333166666667        5.40799250000000      -0.204880447208995     
   1.20333166666667        5.70832541666667      -0.193808065296435     
   1.20333166666667        6.00865833333333      -0.182855789750512     
   1.20333166666667        6.30899125000000      -0.172095383926913     
   1.20333166666667        6.60932416666667      -0.161845408999621     
   1.20333166666667        6.90965708333333      -0.152261762303147     
   1.20333166666667        7.20999000000000      -0.142336532134580     
   1.50366458333333       2.000000000000000E-003 -0.144351582897883     
   1.50366458333333       0.302332916666667      -0.155993940105452     
   1.50366458333333       0.602665833333333      -0.167936686744775     
   1.50366458333333       0.902998750000000      -0.180547095094063     
   1.50366458333333        1.20333166666667      -0.193790473928800     
   1.50366458333333        1.50366458333333      -0.207445832629512     
   1.50366458333333        1.80399750000000      -0.221434951996985     
   1.50366458333333        2.10433041666667      -0.235684088990314     
   1.50366458333333        2.40466333333333      -0.249499285797592     
   1.50366458333333        2.70499625000000      -0.261884851695418     
   1.50366458333333        3.00532916666667      -0.271717070040334     
   1.50366458333333        3.30566208333333      -0.278003127013040     
   1.50366458333333        3.60599500000000      -0.280151615676725     
   1.50366458333333        3.90632791666667      -0.277994790009362     
   1.50366458333333        4.20666083333333      -0.271705577821029     
   1.50366458333333        4.50699375000000      -0.261876628400097     
   1.50366458333333        4.80732666666667      -0.249498629695369     
   1.50366458333333        5.10765958333333      -0.235692021158372     
   1.50366458333333        5.40799250000000      -0.221449759041207     
   1.50366458333333        5.70832541666667      -0.207464157262233     
   1.50366458333333        6.00865833333333      -0.193807596014494     
   1.50366458333333        6.30899125000000      -0.180560317089136     
   1.50366458333333        6.60932416666667      -0.167946985445982     
   1.50366458333333        6.90965708333333      -0.156004040937765     
   1.50366458333333        7.20999000000000      -0.144361981055871     
   1.80399750000000       2.000000000000000E-003 -0.147931016873457     
   1.80399750000000       0.302332916666667      -0.160748989802238     
   1.80399750000000       0.602665833333333      -0.174397348110340     
   1.80399750000000       0.902998750000000      -0.189119503882156     
   1.80399750000000        1.20333166666667      -0.204866995872759     
   1.80399750000000        1.50366458333333      -0.221434644238625     
   1.80399750000000        1.80399750000000      -0.238641388947506     
   1.80399750000000        2.10433041666667      -0.255972351230805     
   1.80399750000000        2.40466333333333      -0.272634164875834     
   1.80399750000000        2.70499625000000      -0.287581881794507     
   1.80399750000000        3.00532916666667      -0.299571763256839     
   1.80399750000000        3.30566208333333      -0.307370308018956     
   1.80399750000000        3.60599500000000      -0.310076641718929     
   1.80399750000000        3.90632791666667      -0.307366898566642     
   1.80399750000000        4.20666083333333      -0.299567735029333     
   1.80399750000000        4.50699375000000      -0.287581064592980     
   1.80399750000000        4.80732666666667      -0.272639106676887     
   1.80399750000000        5.10765958333333      -0.255983160882507     
   1.80399750000000        5.40799250000000      -0.238655947713322     
   1.80399750000000        5.70832541666667      -0.221449777671575     
   1.80399750000000        6.00865833333333      -0.204879880743763     
   1.80399750000000        6.30899125000000      -0.189128010713792     
   1.80399750000000        6.60932416666667      -0.174401778928774     
   1.80399750000000        6.90965708333333      -0.160751500491095     
   1.80399750000000        7.20999000000000      -0.147933516129856     
   2.10433041666667       2.000000000000000E-003 -0.153099529061921     
   2.10433041666667       0.302332916666667      -0.166687567554867     
   2.10433041666667       0.602665833333333      -0.181446987355998     
   2.10433041666667       0.902998750000000      -0.197915842795529     
   2.10433041666667        1.20333166666667      -0.216116518391668     
   2.10433041666667        1.50366458333333      -0.235684432528339     
   2.10433041666667        1.80399750000000      -0.255973140060650     
   2.10433041666667        2.10433041666667      -0.276181598102158     
   2.10433041666667        2.40466333333333      -0.295386996842769     
   2.10433041666667        2.70499625000000      -0.312483516048749     
   2.10433041666667        3.00532916666667      -0.326155138765956     
   2.10433041666667        3.30566208333333      -0.335045293397772     
   2.10433041666667        3.60599500000000      -0.338132021124395     
   2.10433041666667        3.90632791666667      -0.335044661507734     
   2.10433041666667        4.20666083333333      -0.326155490430518     
   2.10433041666667        4.50699375000000      -0.312486823865481     
   2.10433041666667        4.80732666666667      -0.295394272917056     
   2.10433041666667        5.10765958333333      -0.276192033591968     
   2.10433041666667        5.40799250000000      -0.255984226816640     
   2.10433041666667        5.70832541666667      -0.235692995290048     
   2.10433041666667        6.00865833333333      -0.216120122979582     
   2.10433041666667        6.30899125000000      -0.197913787962069     
   2.10433041666667        6.60932416666667      -0.181440915725110     
   2.10433041666667        6.90965708333333      -0.166681259603028     
   2.10433041666667        7.20999000000000      -0.153097353016678     
   2.40466333333333       2.000000000000000E-003 -0.160061176781878     
   2.40466333333333       0.302332916666667      -0.173676558500729     
   2.40466333333333       0.602665833333333      -0.188731306666618     
   2.40466333333333       0.902998750000000      -0.206560414046239     
   2.40466333333333        1.20333166666667      -0.227102974342085     
   2.40466333333333        1.50366458333333      -0.249501301820366     
   2.40466333333333        1.80399750000000      -0.272636895277561     
   2.40466333333333        2.10433041666667      -0.295388969631696     
   2.40466333333333        2.40466333333333      -0.316679546329353     
   2.40466333333333        2.70499625000000      -0.335372504580614     
   2.40466333333333        3.00532916666667      -0.350176759903112     
   2.40466333333333        3.30566208333333      -0.359746783274635     
   2.40466333333333        3.60599500000000      -0.363059380973377     
   2.40466333333333        3.90632791666667      -0.359747661297412     
   2.40466333333333        4.20666083333333      -0.350179111257454     
   2.40466333333333        4.50699375000000      -0.335377172377415     
   2.40466333333333        4.80732666666667      -0.316686381452645     
   2.40466333333333        5.10765958333333      -0.295396436702276     
   2.40466333333333        5.40799250000000      -0.272642311524175     
   2.40466333333333        5.70832541666667      -0.249501519137150     
   2.40466333333333        6.00865833333333      -0.227095431909325     
   2.40466333333333        6.30899125000000      -0.206544019046263     
   2.40466333333333        6.60932416666667      -0.188708381494795     
   2.40466333333333        6.90965708333333      -0.173655459028078     
   2.40466333333333        7.20999000000000      -0.160053693630599     
   2.70499625000000       2.000000000000000E-003 -0.168201562483674     
   2.70499625000000       0.302332916666667      -0.180643819175935     
   2.70499625000000       0.602665833333333      -0.194987103474255     
   2.70499625000000       0.902998750000000      -0.213968968991594     
   2.70499625000000        1.20333166666667      -0.236810866222220     
   2.70499625000000        1.50366458333333      -0.261889197047785     
   2.70499625000000        1.80399750000000      -0.287587314011890     
   2.70499625000000        2.10433041666667      -0.312488172493612     
   2.70499625000000        2.40466333333333      -0.335375076185224     
   2.70499625000000        2.70499625000000      -0.355116954799217     
   2.70499625000000        3.00532916666667      -0.370547051462171     
   2.70499625000000        3.30566208333333      -0.380462881779168     
   2.70499625000000        3.60599500000000      -0.383892525076426     
   2.70499625000000        3.90632791666667      -0.380464181593854     
   2.70499625000000        4.20666083333333      -0.370549791460476     
   2.70499625000000        4.50699375000000      -0.355121137425695     
   2.70499625000000        4.80732666666667      -0.335379877373202     
   2.70499625000000        5.10765958333333      -0.312491820428709     
   2.70499625000000        5.40799250000000      -0.287587147479560     
   2.70499625000000        5.70832541666667      -0.261882060184226     
   2.70499625000000        6.00865833333333      -0.236793073370998     
   2.70499625000000        6.30899125000000      -0.213936004705993     
   2.70499625000000        6.60932416666667      -0.194940311993623     
   2.70499625000000        6.90965708333333      -0.180601714572219     
   2.70499625000000        7.20999000000000      -0.168188531999527     
   3.00532916666667       2.000000000000000E-003 -0.175299568271033     
   3.00532916666667       0.302332916666667      -0.184979511252427     
   3.00532916666667       0.602665833333333      -0.197822294939136     
   3.00532916666667       0.902998750000000      -0.218556208463667     
   3.00532916666667        1.20333166666667      -0.244140939940996     
   3.00532916666667        1.50366458333333      -0.271723712982213     
   3.00532916666667        1.80399750000000      -0.299579938224549     
   3.00532916666667        2.10433041666667      -0.326162467844832     
   3.00532916666667        2.40466333333333      -0.350181776379219     
   3.00532916666667        2.70499625000000      -0.370549347301703     
   3.00532916666667        3.00532916666667      -0.386291497727694     
   3.00532916666667        3.30566208333333      -0.396416518746221     
   3.00532916666667        3.60599500000000      -0.399944949000122     
   3.00532916666667        3.90632791666667      -0.396417605145768     
   3.00532916666667        4.20666083333333      -0.386293642740017     
   3.00532916666667        4.50699375000000      -0.370552171789629     
   3.00532916666667        4.80732666666667      -0.350184321328403     
   3.00532916666667        5.10765958333333      -0.326163225749403     
   3.00532916666667        5.40799250000000      -0.299576684783522     
   3.00532916666667        5.70832541666667      -0.271713501213095     
   3.00532916666667        6.00865833333333      -0.244118424246743     
   3.00532916666667        6.30899125000000      -0.218512534441727     
   3.00532916666667        6.60932416666667      -0.197758201192746     
   3.00532916666667        6.90965708333333      -0.184918511853369     
   3.00532916666667        7.20999000000000      -0.175285554557263     
   3.30566208333333       2.000000000000000E-003 -0.177036299404634     
   3.30566208333333       0.302332916666667      -0.183654162809943     
   3.30566208333333       0.602665833333333      -0.195985458447495     
   3.30566208333333       0.902998750000000      -0.219733940480547     
   3.30566208333333        1.20333166666667      -0.248363533322097     
   3.30566208333333        1.50366458333333      -0.278011368231915     
   3.30566208333333        1.80399750000000      -0.307380494736366     
   3.30566208333333        2.10433041666667      -0.335054561478399     
   3.30566208333333        2.40466333333333      -0.359753508543157     
   3.30566208333333        2.70499625000000      -0.380466696105978     
   3.30566208333333        3.00532916666667      -0.396417957728244     
   3.30566208333333        3.30566208333333      -0.406791912915617     
   3.30566208333333        3.60599500000000      -0.410472784657650     
   3.30566208333333        3.90632791666667      -0.406792583496372     
   3.30566208333333        4.20666083333333      -0.396419138894467     
   3.30566208333333        4.50699375000000      -0.380468095022587     
   3.30566208333333        4.80732666666667      -0.359754628263242     
   3.30566208333333        5.10765958333333      -0.335054436559056     
   3.30566208333333        5.40799250000000      -0.307377954331923     
   3.30566208333333        5.70832541666667      -0.278004441048042     
   3.30566208333333        6.00865833333333      -0.248347601505553     
   3.30566208333333        6.30899125000000      -0.219701703510974     
   3.30566208333333        6.60932416666667      -0.195933276723624     
   3.30566208333333        6.90965708333333      -0.183597674849595     
   3.30566208333333        7.20999000000000      -0.177031430231466     
   3.60599500000000       2.000000000000000E-003 -0.175101056142245     
   3.60599500000000       0.302332916666667      -0.180606908065276     
   3.60599500000000       0.602665833333333      -0.193758020809545     
   3.60599500000000       0.902998750000000      -0.219531327754623     
   3.60599500000000        1.20333166666667      -0.249646245125672     
   3.60599500000000        1.50366458333333      -0.280160412167793     
   3.60599500000000        1.80399750000000      -0.310087555187354     
   3.60599500000000        2.10433041666667      -0.338141983323975     
   3.60599500000000        2.40466333333333      -0.363066702344566     
   3.60599500000000        2.70499625000000      -0.383896849211259     
   3.60599500000000        3.00532916666667      -0.399946852749149     
   3.60599500000000        3.30566208333333      -0.410473237913401     
   3.60599500000000        3.60599500000000      -0.414254651167813     
   3.60599500000000        3.90632791666667      -0.410473216493527     
   3.60599500000000        4.20666083333333      -0.399946909119805     
   3.60599500000000        4.50699375000000      -0.383896933884897     
   3.60599500000000        4.80732666666667      -0.363066974994332     
   3.60599500000000        5.10765958333333      -0.338142530221920     
   3.60599500000000        5.40799250000000      -0.310088485425658     
   3.60599500000000        5.70832541666667      -0.280161864204067     
   3.60599500000000        6.00865833333333      -0.249648362540910     
   3.60599500000000        6.30899125000000      -0.219534345065043     
   3.60599500000000        6.60932416666667      -0.193762158063225     
   3.60599500000000        6.90965708333333      -0.180612379233951     
   3.60599500000000        7.20999000000000      -0.175109159637849     
   3.90632791666667       2.000000000000000E-003 -0.177023938530418     
   3.90632791666667       0.302332916666667      -0.183592472227689     
   3.90632791666667       0.602665833333333      -0.195929283890779     
   3.90632791666667       0.902998750000000      -0.219698781989513     
   3.90632791666667        1.20333166666667      -0.248345566659706     
   3.90632791666667        1.50366458333333      -0.278003029629106     
   3.90632791666667        1.80399750000000      -0.307377059305551     
   3.90632791666667        2.10433041666667      -0.335053892063067     
   3.90632791666667        2.40466333333333      -0.359754343453018     
   3.90632791666667        2.70499625000000      -0.380467949541565     
   3.90632791666667        3.00532916666667      -0.396418995500673     
   3.90632791666667        3.30566208333333      -0.406792533582251     
   3.90632791666667        3.60599500000000      -0.410472713053530     
   3.90632791666667        3.90632791666667      -0.406792000306644     
   3.90632791666667        4.20666083333333      -0.396418020606187     
   3.90632791666667        4.50699375000000      -0.380466828134690     
   3.90632791666667        4.80732666666667      -0.359753843845641     
   3.90632791666667        5.10765958333333      -0.335055126895442     
   3.90632791666667        5.40799250000000      -0.307381405010337     
   3.90632791666667        5.70832541666667      -0.278012787607868     
   3.90632791666667        6.00865833333333      -0.248365545053981     
   3.90632791666667        6.30899125000000      -0.219736775849262     
   3.90632791666667        6.60932416666667      -0.195989290695514     
   3.90632791666667        6.90965708333333      -0.183659327113554     
   3.90632791666667        7.20999000000000      -0.177043883396551     
   4.20666083333333       2.000000000000000E-003 -0.175279290153587     
   4.20666083333333       0.302332916666667      -0.184914045326274     
   4.20666083333333       0.602665833333333      -0.197754795269955     
   4.20666083333333       0.902998750000000      -0.218509959591249     
   4.20666083333333        1.20333166666667      -0.244116578535699     
   4.20666083333333        1.50366458333333      -0.271712212804434     
   4.20666083333333        1.80399750000000      -0.299575859214391     
   4.20666083333333        2.10433041666667      -0.326162747600514     
   4.20666083333333        2.40466333333333      -0.350184045400437     
   4.20666083333333        2.70499625000000      -0.370551999103207     
   4.20666083333333        3.00532916666667      -0.386293550933177     
   4.20666083333333        3.30566208333333      -0.396417606493950     
   4.20666083333333        3.60599500000000      -0.399944912195156     
   4.20666083333333        3.90632791666667      -0.396416538120095     
   4.20666083333333        4.20666083333333      -0.386291539756927     
   4.20666083333333        4.50699375000000      -0.370549488983427     
   4.20666083333333        4.80732666666667      -0.350182048780778     
   4.20666083333333        5.10765958333333      -0.326163018976360     
   4.20666083333333        5.40799250000000      -0.299580799930889     
   4.20666083333333        5.70832541666667      -0.271725023068844     
   4.20666083333333        6.00865833333333      -0.244142781655864     
   4.20666083333333        6.30899125000000      -0.218558752068788     
   4.20666083333333        6.60932416666667      -0.197825770806753     
   4.20666083333333        6.90965708333333      -0.184984374992241     
   4.20666083333333        7.20999000000000      -0.175306609159012     
   4.50699375000000       2.000000000000000E-003 -0.168183349620510     
   4.50699375000000       0.302332916666667      -0.180597925200253     
   4.50699375000000       0.602665833333333      -0.194937431087427     
   4.50699375000000       0.902998750000000      -0.213933816087977     
   4.50699375000000        1.20333166666667      -0.236791479015222     
   4.50699375000000        1.50366458333333      -0.261880954627006     
   4.50699375000000        1.80399750000000      -0.287586424817576     
   4.50699375000000        2.10433041666667      -0.312491380853090     
   4.50699375000000        2.40466333333333      -0.335379630963240     
   4.50699375000000        2.70499625000000      -0.355121017701451     
   4.50699375000000        3.00532916666667      -0.370549753343915     
   4.50699375000000        3.30566208333333      -0.380464158123264     
   4.50699375000000        3.60599500000000      -0.383892489200030     
   4.50699375000000        3.90632791666667      -0.380462941786298     
   4.50699375000000        4.20666083333333      -0.370547163293310     
   4.50699375000000        4.50699375000000      -0.355117184516075     
   4.50699375000000        4.80732666666667      -0.335375446793562     
   4.50699375000000        5.10765958333333      -0.312488685546044     
   4.50699375000000        5.40799250000000      -0.287588126457040     
   4.50699375000000        5.70832541666667      -0.261890352794272     
   4.50699375000000        6.00865833333333      -0.236812504424101     
   4.50699375000000        6.30899125000000      -0.213971253682890     
   4.50699375000000        6.60932416666667      -0.194990233416661     
   4.50699375000000        6.90965708333333      -0.180648185664395     
   4.50699375000000        7.20999000000000      -0.168207573077286     
   4.80732666666667       2.000000000000000E-003 -0.160049597972611     
   4.80732666666667       0.302332916666667      -0.173652344028946     
   4.80732666666667       0.602665833333333      -0.188705990889889     
   4.80732666666667       0.902998750000000      -0.206542211190268     
   4.80732666666667        1.20333166666667      -0.227094109858054     
   4.80732666666667        1.50366458333333      -0.249500614844677     
   4.80732666666667        1.80399750000000      -0.272641750549840     
   4.80732666666667        2.10433041666667      -0.295396129177183     
   4.80732666666667        2.40466333333333      -0.316686251182523     
   4.80732666666667        2.70499625000000      -0.335377171306014     
   4.80732666666667        3.00532916666667      -0.350179171897300     
   4.80732666666667        3.30566208333333      -0.359747774726174     
   4.80732666666667        3.60599500000000      -0.363059530495970     
   4.80732666666667        3.90632791666667      -0.359747041204204     
   4.80732666666667        4.20666083333333      -0.350176992524928     
   4.80732666666667        4.50699375000000      -0.335372861314713     
   4.80732666666667        4.80732666666667      -0.316679949539962     
   4.80732666666667        5.10765958333333      -0.295389509530908     
   4.80732666666667        5.40799250000000      -0.272637634123427     
   4.80732666666667        5.70832541666667      -0.249502293664180     
   4.80732666666667        6.00865833333333      -0.227104365663020     
   4.80732666666667        6.30899125000000      -0.206562317889582     
   4.80732666666667        6.60932416666667      -0.188733916418988     
   4.80732666666667        6.90965708333333      -0.173680111557012     
   4.80732666666667        7.20999000000000      -0.160065850780918     
   5.10765958333333       2.000000000000000E-003 -0.153094354837363     
   5.10765958333333       0.302332916666667      -0.166678855860107     
   5.10765958333333       0.602665833333333      -0.181439042629415     
   5.10765958333333       0.902998750000000      -0.197912372628148     
   5.10765958333333        1.20333166666667      -0.216119107906393     
   5.10765958333333        1.50366458333333      -0.235692325377507     
   5.10765958333333        1.80399750000000      -0.255983856807270     
   5.10765958333333        2.10433041666667      -0.276191912180748     
   5.10765958333333        2.40466333333333      -0.295394332895212     
   5.10765958333333        2.70499625000000      -0.312487036447919     
   5.10765958333333        3.00532916666667      -0.326155780448691     
   5.10765958333333        3.30566208333333      -0.335045065748230     
   5.10765958333333        3.60599500000000      -0.338132474939655     
   5.10765958333333        3.90632791666667      -0.335045804545241     
   5.10765958333333        4.20666083333333      -0.326155662297574     
   5.10765958333333        4.50699375000000      -0.312484016455529     
   5.10765958333333        4.80732666666667      -0.295387531231718     
   5.10765958333333        5.10765958333333      -0.276182192810681     
   5.10765958333333        5.40799250000000      -0.255973850399690     
   5.10765958333333        5.70832541666667      -0.235685288103848     
   5.10765958333333        6.00865833333333      -0.216117629008227     
   5.10765958333333        6.30899125000000      -0.197917317332719     
   5.10765958333333        6.60932416666667      -0.181448949215286     
   5.10765958333333        6.90965708333333      -0.166690154624086     
   5.10765958333333        7.20999000000000      -0.153102764675335     
   5.40799250000000       2.000000000000000E-003 -0.147931544858935     
   5.40799250000000       0.302332916666667      -0.160749811033683     
   5.40799250000000       0.602665833333333      -0.174400427911539     
   5.40799250000000       0.902998750000000      -0.189127006303147     
   5.40799250000000        1.20333166666667      -0.204879198279650     
   5.40799250000000        1.50366458333333      -0.221449406548490     
   5.40799250000000        1.80399750000000      -0.238655854383331     
   5.40799250000000        2.10433041666667      -0.255983321587458     
   5.40799250000000        2.40466333333333      -0.272639464413496     
   5.40799250000000        2.70499625000000      -0.287581616385023     
   5.40799250000000        3.00532916666667      -0.299568439479190     
   5.40799250000000        3.30566208333333      -0.307367725567380     
   5.40799250000000        3.60599500000000      -0.310077546133567     
   5.40799250000000        3.90632791666667      -0.307371215718020     
   5.40799250000000        4.20666083333333      -0.299572627541824     
   5.40799250000000        4.50699375000000      -0.287582691126643     
   5.40799250000000        4.80732666666667      -0.272634893375144     
   5.40799250000000        5.10765958333333      -0.255973050593253     
   5.40799250000000        5.40799250000000      -0.238642068529265     
   5.40799250000000        5.70832541666667      -0.221435337086367     
   5.40799250000000        6.00865833333333      -0.204867807768641     
   5.40799250000000        6.30899125000000      -0.189120527491996     
   5.40799250000000        6.60932416666667      -0.174398661484877     
   5.40799250000000        6.90965708333333      -0.160750628210739     
   5.40799250000000        7.20999000000000      -0.147932936124370     
   5.70832541666667       2.000000000000000E-003 -0.144360853598366     
   5.70832541666667       0.302332916666667      -0.156002976655654     
   5.70832541666667       0.602665833333333      -0.167946111209374     
   5.70832541666667       0.902998750000000      -0.180559705789418     
   5.70832541666667        1.20333166666667      -0.193807255534172     
   5.70832541666667        1.50366458333333      -0.207464106722213     
   5.70832541666667        1.80399750000000      -0.221449991336365     
   5.70832541666667        2.10433041666667      -0.235692543150764     
   5.70832541666667        2.40466333333333      -0.249499408180016     
   5.70832541666667        2.70499625000000      -0.261877659576337     
   5.70832541666667        3.00532916666667      -0.271706859374675     
   5.70832541666667        3.30566208333333      -0.277996254511064     
   5.70832541666667        3.60599500000000      -0.280153149835529     
   5.70832541666667        3.90632791666667      -0.278004619857050     
   5.70832541666667        4.20666083333333      -0.271718420322320     
   5.70832541666667        4.50699375000000      -0.261886009697211     
   5.70832541666667        4.80732666666667      -0.249500252543836     
   5.70832541666667        5.10765958333333      -0.235684910646270     
   5.70832541666667        5.40799250000000      -0.221435621505881     
   5.70832541666667        5.70832541666667      -0.207446426261689     
   5.70832541666667        6.00865833333333      -0.193791044184093     
   5.70832541666667        6.30899125000000      -0.180547717935669     
   5.70832541666667        6.60932416666667      -0.167937416949564     
   5.70832541666667        6.90965708333333      -0.155994758132687     
   5.70832541666667        7.20999000000000      -0.144352407255944     
   6.00865833333333       2.000000000000000E-003 -0.142335991016599     
   6.00865833333333       0.302332916666667      -0.152261175538661     
   6.00865833333333       0.602665833333333      -0.161844935624972     
   6.00865833333333       0.902998750000000      -0.172095103193734     
   6.00865833333333        1.20333166666667      -0.182855771209855     
   6.00865833333333        1.50366458333333      -0.193808356928927     
   6.00865833333333        1.80399750000000      -0.204881055994017     
   6.00865833333333        2.10433041666667      -0.216120964040383     
   6.00865833333333        2.40466333333333      -0.227095270954910     
   6.00865833333333        2.70499625000000      -0.236791660030148     
   6.00865833333333        3.00532916666667      -0.244116210083770     
   6.00865833333333        3.30566208333333      -0.248345394856663     
   6.00865833333333        3.60599500000000      -0.249646310936905     
   6.00865833333333        3.90632791666667      -0.248363314576971     
   6.00865833333333        4.20666083333333      -0.244140545166191     
   6.00865833333333        4.50699375000000      -0.236811088073379     
   6.00865833333333        4.80732666666667      -0.227104222721872     
   6.00865833333333        5.10765958333333      -0.216118505328196     
   6.00865833333333        5.40799250000000      -0.204869029429354     
   6.00865833333333        5.70832541666667      -0.193791839001365     
   6.00865833333333        6.00865833333333      -0.182840374420980     
   6.00865833333333        6.30899125000000      -0.172083171830289     
   6.00865833333333        6.60932416666667      -0.161833036644193     
   6.00865833333333        6.90965708333333      -0.152242813052873     
   6.00865833333333        7.20999000000000      -0.142311461754618     
   6.30899125000000       2.000000000000000E-003 -0.141777008844216     
   6.30899125000000       0.302332916666667      -0.148874317016315     
   6.30899125000000       0.602665833333333      -0.155482625488848     
   6.30899125000000       0.902998750000000      -0.163584387645455     
   6.30899125000000        1.20333166666667      -0.172096008007801     
   6.30899125000000        1.50366458333333      -0.180561756767164     
   6.30899125000000        1.80399750000000      -0.189130107015994     
   6.30899125000000        2.10433041666667      -0.197916079870188     
   6.30899125000000        2.40466333333333      -0.206546268174221     
   6.30899125000000        2.70499625000000      -0.213938683427501     
   6.30899125000000        3.00532916666667      -0.218516928213504     
   6.30899125000000        3.30566208333333      -0.219708587096147     
   6.30899125000000        3.60599500000000      -0.219542478262019     
   6.30899125000000        3.90632791666667      -0.219743564204306     
   6.30899125000000        4.20666083333333      -0.218563027923681     
   6.30899125000000        4.50699375000000      -0.213973847671225     
   6.30899125000000        4.80732666666667      -0.206564526629795     
   6.30899125000000        5.10765958333333      -0.197919605871030     
   6.30899125000000        5.40799250000000      -0.189122645713414     
   6.30899125000000        5.70832541666667      -0.180549187671087     
   6.30899125000000        6.00865833333333      -0.172083838285432     
   6.30899125000000        6.30899125000000      -0.163574668546774     
   6.30899125000000        6.60932416666667      -0.155469107712377     
   6.30899125000000        6.90965708333333      -0.148842414686880     
   6.30899125000000        7.20999000000000      -0.141726451576956     
   6.60932416666667       2.000000000000000E-003 -0.141725695373824     
   6.60932416666667       0.302332916666667      -0.144177324173535     
   6.60932416666667       0.602665833333333      -0.148609790693941     
   6.60932416666667       0.902998750000000      -0.155483319125316     
   6.60932416666667        1.20333166666667      -0.161846297463148     
   6.60932416666667        1.50366458333333      -0.167948581340745     
   6.60932416666667        1.80399750000000      -0.174404214312666     
   6.60932416666667        2.10433041666667      -0.181444110200196     
   6.60932416666667        2.40466333333333      -0.188712470304956     
   6.60932416666667        2.70499625000000      -0.194946347284766     
   6.60932416666667        3.00532916666667      -0.197767878103408     
   6.60932416666667        3.30566208333333      -0.195947926389745     
   6.60932416666667        3.60599500000000      -0.193779425551384     
   6.60932416666667        3.90632791666667      -0.196003754084395     
   6.60932416666667        4.20666083333333      -0.197835241876418     
   6.60932416666667        4.50699375000000      -0.194996117669082     
   6.60932416666667        4.80732666666667      -0.188737919005837     
   6.60932416666667        5.10765958333333      -0.181452112335586     
   6.60932416666667        5.40799250000000      -0.174401101702312     
   6.60932416666667        5.70832541666667      -0.167939047447104     
   6.60932416666667        6.00865833333333      -0.161833993017026     
   6.60932416666667        6.30899125000000      -0.155469690539624     
   6.60932416666667        6.60932416666667      -0.148590078721504     
   6.60932416666667        6.90965708333333      -0.144132229007124     
   6.60932416666667        7.20999000000000      -0.141645156853762     
   6.90965708333333       2.000000000000000E-003 -0.137819391956737     
   6.90965708333333       0.302332916666667      -0.138249559010482     
   6.90965708333333       0.602665833333333      -0.144178997165372     
   6.90965708333333       0.902998750000000      -0.148875703672186     
   6.90965708333333        1.20333166666667      -0.152262584368601     
   6.90965708333333        1.50366458333333      -0.156005277210669     
   6.90965708333333        1.80399750000000      -0.160753584676711     
   6.90965708333333        2.10433041666667      -0.166684383835824     
   6.90965708333333        2.40466333333333      -0.173659955512607     
   6.90965708333333        2.70499625000000      -0.180608352190751     
   6.90965708333333        3.00532916666667      -0.184928713794113     
   6.90965708333333        3.30566208333333      -0.183612909914278     
   6.90965708333333        3.60599500000000      -0.180630580077898     
   6.90965708333333        3.90632791666667      -0.183674352729000     
   6.90965708333333        4.20666083333333      -0.184994391921131     
   6.90965708333333        4.50699375000000      -0.180654696772266     
   6.90965708333333        4.80732666666667      -0.173684520159470     
   6.90965708333333        5.10765958333333      -0.166693239684741     
   6.90965708333333        5.40799250000000      -0.160752711212953     
   6.90965708333333        5.70832541666667      -0.155996031658038     
   6.90965708333333        6.00865833333333      -0.152243705997950     
   6.90965708333333        6.30899125000000      -0.148843645523994     
   6.90965708333333        6.60932416666667      -0.144134008305258     
   6.90965708333333        6.90965708333333      -0.138208102996612     
   6.90965708333333        7.20999000000000      -0.137755630123379     
   7.20999000000000       2.000000000000000E-003 -0.129743351252458     
   7.20999000000000       0.302332916666667      -0.137821428311282     
   7.20999000000000       0.602665833333333      -0.141728801886637     
   7.20999000000000       0.902998750000000      -0.141778668569199     
   7.20999000000000        1.20333166666667      -0.142337123132983     
   7.20999000000000        1.50366458333333      -0.144362655745196     
   7.20999000000000        1.80399750000000      -0.147934827726525     
   7.20999000000000        2.10433041666667      -0.153099587819046     
   7.20999000000000        2.40466333333333      -0.160057083692111     
   7.20999000000000        2.70499625000000      -0.168193351297128     
   7.20999000000000        3.00532916666667      -0.175292550876708     
   7.20999000000000        3.30566208333333      -0.177041430136470     
   7.20999000000000        3.60599500000000      -0.175120541280083     
   7.20999000000000        3.90632791666667      -0.177053900163198     
   7.20999000000000        4.20666083333333      -0.175313641027337     
   7.20999000000000        4.50699375000000      -0.168212403563347     
   7.20999000000000        4.80732666666667      -0.160069214279472     
   7.20999000000000        5.10765958333333      -0.153104981677712     
   7.20999000000000        5.40799250000000      -0.147934253953947     
   7.20999000000000        5.70832541666667      -0.144353120297140     
   7.20999000000000        6.00865833333333      -0.142312111288395     
   7.20999000000000        6.30899125000000      -0.141727948506631     
   7.20999000000000        6.60932416666667      -0.141648193311090     
   7.20999000000000        6.90965708333333      -0.137757875408021     
   7.20999000000000        7.20999000000000      -0.129724642874940     
